     1     1   1.92105E-01   1.92105E-01   3.36630E-08   1.75233E-07
     1     2   1.92108E-01   1.92108E-01   2.93135E-10   1.52588E-09
     1     3   1.92045E-01   1.92045E-01  -7.92118E-09  -4.12464E-08
     1     4   1.91985E-01   1.91985E-01   7.90154E-09   4.11570E-08
     1     5   1.91928E-01   1.91928E-01  -2.92892E-10  -1.52605E-09
     1     6   1.92169E-01   1.92169E-01  -1.24542E-09  -6.48086E-09
     1     7   1.92045E-01   1.92045E-01  -3.35531E-08  -1.74715E-07
     1     8   1.91987E-01   1.91987E-01   1.24406E-09   6.47993E-09
     1     9   1.92321E-01   1.92321E-01   2.46219E-10   1.28026E-09
     1    10   1.92255E-01   1.92255E-01  -6.65334E-09  -3.46069E-08
     1    11   1.92194E-01   1.92194E-01   6.63709E-09   3.45332E-08
     1    12   1.92137E-01   1.92137E-01  -2.46019E-10  -1.28043E-09
 *******************************
     2     1   7.91335E-01   7.91336E-01   1.39850E-07   1.76726E-07
     2     2   7.97612E-01   7.97612E-01   1.21931E-09   1.52870E-09
     2     3   7.91578E-01   7.91578E-01  -3.29214E-08  -4.15896E-08
     2     4   7.86722E-01   7.86722E-01   3.29214E-08   4.18463E-08
     2     5   7.82523E-01   7.82523E-01  -1.21931E-09  -1.55818E-09
     2     6   7.97337E-01   7.97337E-01  -5.17961E-09  -6.49614E-09
     2     7   7.86568E-01   7.86568E-01  -1.39850E-07  -1.77797E-07
     2     8   7.82440E-01   7.82440E-01   5.17961E-09   6.61982E-09
     2     9   7.95612E-01   7.95612E-01   1.02417E-09   1.28727E-09
     2    10   7.89788E-01   7.89788E-01  -2.76525E-08  -3.50126E-08
     2    11   7.85165E-01   7.85165E-01   2.76525E-08   3.52187E-08
     2    12   7.81176E-01   7.81176E-01  -1.02417E-09  -1.31106E-09
 *******************************
     3     1   1.08761E-03   1.08761E-03   1.93354E-10   1.77778E-07
     3     2   1.08475E-03   1.08475E-03   1.68461E-12   1.55299E-09
     3     3   1.08856E-03   1.08856E-03  -4.55060E-11  -4.18038E-08
     3     4   1.09238E-03   1.09238E-03   4.54412E-11   4.15984E-08
     3     5   1.09620E-03   1.09620E-03  -1.68381E-12  -1.53604E-09
     3     6   1.08410E-03   1.08410E-03  -7.15677E-12  -6.60158E-09
     3     7   1.09114E-03   1.09114E-03  -1.92991E-10  -1.76871E-07
     3     8   1.09467E-03   1.09467E-03   7.15229E-12   6.53376E-09
     3     9   1.08298E-03   1.08298E-03   1.41499E-12   1.30658E-09
     3    10   1.08603E-03   1.08603E-03  -3.82227E-11  -3.51949E-08
     3    11   1.08909E-03   1.08909E-03   3.81691E-11   3.50468E-08
     3    12   1.09215E-03   1.09215E-03  -1.41433E-12  -1.29499E-09
 *******************************
     4     1   2.00986E-02   2.00986E-02   3.54384E-09   1.76323E-07
     4     2   1.99476E-02   1.99476E-02   3.08977E-11   1.54894E-09
     4     3   2.01288E-02   2.01288E-02  -8.34239E-10  -4.14450E-08
     4     4   2.02894E-02   2.02894E-02   8.34239E-10   4.11170E-08
     4     5   2.04339E-02   2.04339E-02  -3.08977E-11  -1.51208E-09
     4     6   1.99368E-02   1.99368E-02  -1.31253E-10  -6.58347E-09
     4     7   2.02466E-02   2.02465E-02  -3.54384E-09  -1.75034E-07
     4     8   2.03799E-02   2.03799E-02   1.31253E-10   6.44031E-09
     4     9   1.99331E-02   1.99331E-02   2.59528E-11   1.30199E-09
     4    10   2.00715E-02   2.00715E-02  -7.00725E-10  -3.49113E-08
     4    11   2.01983E-02   2.01983E-02   7.00725E-10   3.46923E-08
     4    12   2.03149E-02   2.03149E-02  -2.59528E-11  -1.27753E-09
 *******************************
     5     1   0.00000E+00   0.00000E+00   0.00000E+00   0.00000E+00
     5     2   0.00000E+00   0.00000E+00   0.00000E+00   0.00000E+00
     5     3   0.00000E+00   0.00000E+00   0.00000E+00   0.00000E+00
     5     4   0.00000E+00   0.00000E+00   0.00000E+00   0.00000E+00
     5     5   0.00000E+00   0.00000E+00   0.00000E+00   0.00000E+00
     5     6   0.00000E+00   0.00000E+00   0.00000E+00   0.00000E+00
     5     7   0.00000E+00   0.00000E+00   0.00000E+00   0.00000E+00
     5     8   0.00000E+00   0.00000E+00   0.00000E+00   0.00000E+00
     5     9   0.00000E+00   0.00000E+00   0.00000E+00   0.00000E+00
     5    10   0.00000E+00   0.00000E+00   0.00000E+00   0.00000E+00
     5    11   0.00000E+00   0.00000E+00   0.00000E+00   0.00000E+00
     5    12   0.00000E+00   0.00000E+00   0.00000E+00   0.00000E+00
 *******************************
     6     1   0.00000E+00   0.00000E+00   0.00000E+00   0.00000E+00
     6     2   0.00000E+00   0.00000E+00   0.00000E+00   0.00000E+00
     6     3   0.00000E+00   0.00000E+00   0.00000E+00   0.00000E+00
     6     4   0.00000E+00   0.00000E+00   0.00000E+00   0.00000E+00
     6     5   0.00000E+00   0.00000E+00   0.00000E+00   0.00000E+00
     6     6   0.00000E+00   0.00000E+00   0.00000E+00   0.00000E+00
     6     7   0.00000E+00   0.00000E+00   0.00000E+00   0.00000E+00
     6     8   0.00000E+00   0.00000E+00   0.00000E+00   0.00000E+00
     6     9   0.00000E+00   0.00000E+00   0.00000E+00   0.00000E+00
     6    10   0.00000E+00   0.00000E+00   0.00000E+00   0.00000E+00
     6    11   0.00000E+00   0.00000E+00   0.00000E+00   0.00000E+00
     6    12   0.00000E+00   0.00000E+00   0.00000E+00   0.00000E+00
 *******************************
     7     1   0.00000E+00   0.00000E+00   0.00000E+00   0.00000E+00
     7     2   0.00000E+00   0.00000E+00   0.00000E+00   0.00000E+00
     7     3   0.00000E+00   0.00000E+00   0.00000E+00   0.00000E+00
     7     4   0.00000E+00   0.00000E+00   0.00000E+00   0.00000E+00
     7     5   0.00000E+00   0.00000E+00   0.00000E+00   0.00000E+00
     7     6   0.00000E+00   0.00000E+00   0.00000E+00   0.00000E+00
     7     7   0.00000E+00   0.00000E+00   0.00000E+00   0.00000E+00
     7     8   0.00000E+00   0.00000E+00   0.00000E+00   0.00000E+00
     7     9   0.00000E+00   0.00000E+00   0.00000E+00   0.00000E+00
     7    10   0.00000E+00   0.00000E+00   0.00000E+00   0.00000E+00
     7    11   0.00000E+00   0.00000E+00   0.00000E+00   0.00000E+00
     7    12   0.00000E+00   0.00000E+00   0.00000E+00   0.00000E+00
 *******************************
     8     1   0.00000E+00   0.00000E+00   0.00000E+00   0.00000E+00
     8     2   0.00000E+00   0.00000E+00   0.00000E+00   0.00000E+00
     8     3   0.00000E+00   0.00000E+00   0.00000E+00   0.00000E+00
     8     4   0.00000E+00   0.00000E+00   0.00000E+00   0.00000E+00
     8     5   0.00000E+00   0.00000E+00   0.00000E+00   0.00000E+00
     8     6   0.00000E+00   0.00000E+00   0.00000E+00   0.00000E+00
     8     7   0.00000E+00   0.00000E+00   0.00000E+00   0.00000E+00
     8     8   0.00000E+00   0.00000E+00   0.00000E+00   0.00000E+00
     8     9   0.00000E+00   0.00000E+00   0.00000E+00   0.00000E+00
     8    10   0.00000E+00   0.00000E+00   0.00000E+00   0.00000E+00
     8    11   0.00000E+00   0.00000E+00   0.00000E+00   0.00000E+00
     8    12   0.00000E+00   0.00000E+00   0.00000E+00   0.00000E+00
 *******************************
     9     1   0.00000E+00   0.00000E+00   0.00000E+00   0.00000E+00
     9     2   0.00000E+00   0.00000E+00   0.00000E+00   0.00000E+00
     9     3   0.00000E+00   0.00000E+00   0.00000E+00   0.00000E+00
     9     4   0.00000E+00   0.00000E+00   0.00000E+00   0.00000E+00
     9     5   0.00000E+00   0.00000E+00   0.00000E+00   0.00000E+00
     9     6   0.00000E+00   0.00000E+00   0.00000E+00   0.00000E+00
     9     7   0.00000E+00   0.00000E+00   0.00000E+00   0.00000E+00
     9     8   0.00000E+00   0.00000E+00   0.00000E+00   0.00000E+00
     9     9   0.00000E+00   0.00000E+00   0.00000E+00   0.00000E+00
     9    10   0.00000E+00   0.00000E+00   0.00000E+00   0.00000E+00
     9    11   0.00000E+00   0.00000E+00   0.00000E+00   0.00000E+00
     9    12   0.00000E+00   0.00000E+00   0.00000E+00   0.00000E+00
 *******************************
    10     1   0.00000E+00   0.00000E+00   0.00000E+00   0.00000E+00
    10     2   0.00000E+00   0.00000E+00   0.00000E+00   0.00000E+00
    10     3   0.00000E+00   0.00000E+00   0.00000E+00   0.00000E+00
    10     4   0.00000E+00   0.00000E+00   0.00000E+00   0.00000E+00
    10     5   0.00000E+00   0.00000E+00   0.00000E+00   0.00000E+00
    10     6   0.00000E+00   0.00000E+00   0.00000E+00   0.00000E+00
    10     7   0.00000E+00   0.00000E+00   0.00000E+00   0.00000E+00
    10     8   0.00000E+00   0.00000E+00   0.00000E+00   0.00000E+00
    10     9   0.00000E+00   0.00000E+00   0.00000E+00   0.00000E+00
    10    10   0.00000E+00   0.00000E+00   0.00000E+00   0.00000E+00
    10    11   0.00000E+00   0.00000E+00   0.00000E+00   0.00000E+00
    10    12   0.00000E+00   0.00000E+00   0.00000E+00   0.00000E+00
 *******************************
    11     1   0.00000E+00   0.00000E+00   0.00000E+00   0.00000E+00
    11     2   0.00000E+00   0.00000E+00   0.00000E+00   0.00000E+00
    11     3   0.00000E+00   0.00000E+00   0.00000E+00   0.00000E+00
    11     4   0.00000E+00   0.00000E+00   0.00000E+00   0.00000E+00
    11     5   0.00000E+00   0.00000E+00   0.00000E+00   0.00000E+00
    11     6   0.00000E+00   0.00000E+00   0.00000E+00   0.00000E+00
    11     7   0.00000E+00   0.00000E+00   0.00000E+00   0.00000E+00
    11     8   0.00000E+00   0.00000E+00   0.00000E+00   0.00000E+00
    11     9   0.00000E+00   0.00000E+00   0.00000E+00   0.00000E+00
    11    10   0.00000E+00   0.00000E+00   0.00000E+00   0.00000E+00
    11    11   0.00000E+00   0.00000E+00   0.00000E+00   0.00000E+00
    11    12   0.00000E+00   0.00000E+00   0.00000E+00   0.00000E+00
 *******************************
    12     1   0.00000E+00   0.00000E+00   0.00000E+00   0.00000E+00
    12     2   0.00000E+00   0.00000E+00   0.00000E+00   0.00000E+00
    12     3   0.00000E+00   0.00000E+00   0.00000E+00   0.00000E+00
    12     4   0.00000E+00   0.00000E+00   0.00000E+00   0.00000E+00
    12     5   0.00000E+00   0.00000E+00   0.00000E+00   0.00000E+00
    12     6   0.00000E+00   0.00000E+00   0.00000E+00   0.00000E+00
    12     7   0.00000E+00   0.00000E+00   0.00000E+00   0.00000E+00
    12     8   0.00000E+00   0.00000E+00   0.00000E+00   0.00000E+00
    12     9   0.00000E+00   0.00000E+00   0.00000E+00   0.00000E+00
    12    10   0.00000E+00   0.00000E+00   0.00000E+00   0.00000E+00
    12    11   0.00000E+00   0.00000E+00   0.00000E+00   0.00000E+00
    12    12   0.00000E+00   0.00000E+00   0.00000E+00   0.00000E+00
 *******************************
    13     1   2.21173E-01   2.21173E-01   3.91736E-08   1.77117E-07
    13     2   2.21301E-01   2.21301E-01   3.41542E-10   1.54334E-09
    13     3   2.21202E-01   2.21202E-01  -9.22166E-09  -4.16888E-08
    13     4   2.21107E-01   2.21107E-01   9.22155E-09   4.17063E-08
    13     5   2.21014E-01   2.21014E-01  -3.41540E-10  -1.54533E-09
    13     6   2.21278E-01   2.21278E-01  -1.45087E-09  -6.55676E-09
    13     7   2.21076E-01   2.21076E-01  -3.91729E-08  -1.77193E-07
    13     8   2.20981E-01   2.20981E-01   1.45086E-09   6.56553E-09
    13     9   2.21285E-01   2.21285E-01   2.86880E-10   1.29643E-09
    13    10   2.21170E-01   2.21170E-01  -7.74580E-09  -3.50219E-08
    13    11   2.21069E-01   2.21069E-01   7.74570E-09   3.50375E-08
    13    12   2.20972E-01   2.20972E-01  -2.86879E-10  -1.29826E-09
 *******************************
    14     1   2.41608E-02   2.41608E-02   1.78850E-10   7.40247E-09
    14     2   2.42482E-02   2.42482E-02  -7.09846E-12  -2.92742E-10
    14     3   2.42181E-02   2.42181E-02   3.67897E-11   1.51910E-09
    14     4   2.41894E-02   2.41894E-02  -5.01396E-10  -2.07279E-08
    14     5   2.41620E-02   2.41620E-02   1.28343E-11   5.31180E-10
    14     6   2.41895E-02   2.41895E-02   2.54757E-11   1.05317E-09
    14     7   2.41333E-02   2.41333E-02   2.42148E-09   1.00338E-07
    14     8   2.41069E-02   2.41069E-02  -5.75846E-11  -2.38872E-09
    14     9   2.40855E-02   2.40855E-02  -5.94077E-12  -2.46653E-10
    14    10   2.40590E-02   2.40590E-02   3.23495E-11   1.34459E-09
    14    11   2.40335E-02   2.40335E-02  -4.16504E-10  -1.73301E-08
    14    12   2.40090E-02   2.40090E-02   1.06834E-11   4.44976E-10
 *******************************
    15     1   5.02897E-04   5.02897E-04  -8.91678E-11  -1.77308E-07
    15     2   4.93572E-04   4.93572E-04  -7.77430E-13  -1.57511E-09
    15     3   4.99158E-04   4.99158E-04   2.09906E-11   4.20520E-08
    15     4   5.04253E-04   5.04253E-04  -2.09906E-11  -4.16272E-08
    15     5   5.08926E-04   5.08926E-04   7.77430E-13   1.52759E-09
    15     6   4.97753E-04   4.97753E-04   3.30251E-12   6.63484E-09
    15     7   5.07531E-04   5.07531E-04   8.91678E-11   1.75689E-07
    15     8   5.11872E-04   5.11872E-04  -3.30251E-12  -6.45183E-09
    15     9   5.04983E-04   5.04983E-04  -6.53008E-13  -1.29313E-09
    15    10   5.09325E-04   5.09325E-04   1.76312E-11   3.46168E-08
    15    11   5.13349E-04   5.13349E-04  -1.76312E-11  -3.43455E-08
    15    12   5.17093E-04   5.17093E-04   6.53008E-13   1.26284E-09
 *******************************
    16     1   8.69511E-01   8.69511E-01   1.52207E-07   1.75049E-07
    16     2   8.75909E-01   8.75909E-01   1.32705E-09   1.51505E-09
    16     3   8.71902E-01   8.71902E-01  -3.58303E-08  -4.10945E-08
    16     4   8.68475E-01   8.68475E-01   3.58303E-08   4.12566E-08
    16     5   8.65421E-01   8.65421E-01  -1.32705E-09  -1.53342E-09
    16     6   8.73301E-01   8.73301E-01  -5.63729E-09  -6.45515E-09
    16     7   8.66308E-01   8.66308E-01  -1.52207E-07  -1.75696E-07
    16     8   8.63437E-01   8.63437E-01   5.63729E-09   6.52890E-09
    16     9   8.69390E-01   8.69390E-01   1.11466E-09   1.28212E-09
    16    10   8.65916E-01   8.65916E-01  -3.00959E-08  -3.47562E-08
    16    11   8.62974E-01   8.62974E-01   3.00959E-08   3.48747E-08
    16    12   8.60341E-01   8.60341E-01  -1.11466E-09  -1.29561E-09
 *******************************
    17     1   1.00000E+00   1.00000E+00   0.00000E+00   0.00000E+00
    17     2   1.00000E+00   1.00000E+00   0.00000E+00   0.00000E+00
    17     3   1.00000E+00   1.00000E+00   0.00000E+00   0.00000E+00
    17     4   1.00000E+00   1.00000E+00   0.00000E+00   0.00000E+00
    17     5   1.00000E+00   1.00000E+00   0.00000E+00   0.00000E+00
    17     6   1.00000E+00   1.00000E+00   0.00000E+00   0.00000E+00
    17     7   1.00000E+00   1.00000E+00   0.00000E+00   0.00000E+00
    17     8   1.00000E+00   1.00000E+00   0.00000E+00   0.00000E+00
    17     9   1.00000E+00   1.00000E+00   0.00000E+00   0.00000E+00
    17    10   1.00000E+00   1.00000E+00   0.00000E+00   0.00000E+00
    17    11   1.00000E+00   1.00000E+00   0.00000E+00   0.00000E+00
    17    12   1.00000E+00   1.00000E+00   0.00000E+00   0.00000E+00
 *******************************
    18     1   1.00000E+00   1.00000E+00   0.00000E+00   0.00000E+00
    18     2   1.00000E+00   1.00000E+00   0.00000E+00   0.00000E+00
    18     3   1.00000E+00   1.00000E+00   0.00000E+00   0.00000E+00
    18     4   1.00000E+00   1.00000E+00   0.00000E+00   0.00000E+00
    18     5   1.00000E+00   1.00000E+00   0.00000E+00   0.00000E+00
    18     6   1.00000E+00   1.00000E+00   0.00000E+00   0.00000E+00
    18     7   1.00000E+00   1.00000E+00   0.00000E+00   0.00000E+00
    18     8   1.00000E+00   1.00000E+00   0.00000E+00   0.00000E+00
    18     9   1.00000E+00   1.00000E+00   0.00000E+00   0.00000E+00
    18    10   1.00000E+00   1.00000E+00   0.00000E+00   0.00000E+00
    18    11   1.00000E+00   1.00000E+00   0.00000E+00   0.00000E+00
    18    12   1.00000E+00   1.00000E+00   0.00000E+00   0.00000E+00
 *******************************
    19     1   1.00000E+00   1.00000E+00   0.00000E+00   0.00000E+00
    19     2   1.00000E+00   1.00000E+00   0.00000E+00   0.00000E+00
    19     3   1.00000E+00   1.00000E+00   0.00000E+00   0.00000E+00
    19     4   1.00000E+00   1.00000E+00   0.00000E+00   0.00000E+00
    19     5   1.00000E+00   1.00000E+00   0.00000E+00   0.00000E+00
    19     6   1.00000E+00   1.00000E+00   0.00000E+00   0.00000E+00
    19     7   1.00000E+00   1.00000E+00   0.00000E+00   0.00000E+00
    19     8   1.00000E+00   1.00000E+00   0.00000E+00   0.00000E+00
    19     9   1.00000E+00   1.00000E+00   0.00000E+00   0.00000E+00
    19    10   1.00000E+00   1.00000E+00   0.00000E+00   0.00000E+00
    19    11   1.00000E+00   1.00000E+00   0.00000E+00   0.00000E+00
    19    12   1.00000E+00   1.00000E+00   0.00000E+00   0.00000E+00
 *******************************
    20     1   1.00000E+00   1.00000E+00   0.00000E+00   0.00000E+00
    20     2   1.00000E+00   1.00000E+00   0.00000E+00   0.00000E+00
    20     3   1.00000E+00   1.00000E+00   0.00000E+00   0.00000E+00
    20     4   1.00000E+00   1.00000E+00   0.00000E+00   0.00000E+00
    20     5   1.00000E+00   1.00000E+00   0.00000E+00   0.00000E+00
    20     6   1.00000E+00   1.00000E+00   0.00000E+00   0.00000E+00
    20     7   1.00000E+00   1.00000E+00   0.00000E+00   0.00000E+00
    20     8   1.00000E+00   1.00000E+00   0.00000E+00   0.00000E+00
    20     9   1.00000E+00   1.00000E+00   0.00000E+00   0.00000E+00
    20    10   1.00000E+00   1.00000E+00   0.00000E+00   0.00000E+00
    20    11   1.00000E+00   1.00000E+00   0.00000E+00   0.00000E+00
    20    12   1.00000E+00   1.00000E+00   0.00000E+00   0.00000E+00
 *******************************
    21     1   1.00000E+00   1.00000E+00   0.00000E+00   0.00000E+00
    21     2   1.00000E+00   1.00000E+00   0.00000E+00   0.00000E+00
    21     3   1.00000E+00   1.00000E+00   0.00000E+00   0.00000E+00
    21     4   1.00000E+00   1.00000E+00   0.00000E+00   0.00000E+00
    21     5   1.00000E+00   1.00000E+00   0.00000E+00   0.00000E+00
    21     6   1.00000E+00   1.00000E+00   0.00000E+00   0.00000E+00
    21     7   1.00000E+00   1.00000E+00   0.00000E+00   0.00000E+00
    21     8   1.00000E+00   1.00000E+00   0.00000E+00   0.00000E+00
    21     9   1.00000E+00   1.00000E+00   0.00000E+00   0.00000E+00
    21    10   1.00000E+00   1.00000E+00   0.00000E+00   0.00000E+00
    21    11   1.00000E+00   1.00000E+00   0.00000E+00   0.00000E+00
    21    12   1.00000E+00   1.00000E+00   0.00000E+00   0.00000E+00
 *******************************
    22     1   1.00000E+00   1.00000E+00   0.00000E+00   0.00000E+00
    22     2   1.00000E+00   1.00000E+00   0.00000E+00   0.00000E+00
    22     3   1.00000E+00   1.00000E+00   0.00000E+00   0.00000E+00
    22     4   1.00000E+00   1.00000E+00   0.00000E+00   0.00000E+00
    22     5   1.00000E+00   1.00000E+00   0.00000E+00   0.00000E+00
    22     6   1.00000E+00   1.00000E+00   0.00000E+00   0.00000E+00
    22     7   1.00000E+00   1.00000E+00   0.00000E+00   0.00000E+00
    22     8   1.00000E+00   1.00000E+00   0.00000E+00   0.00000E+00
    22     9   1.00000E+00   1.00000E+00   0.00000E+00   0.00000E+00
    22    10   1.00000E+00   1.00000E+00   0.00000E+00   0.00000E+00
    22    11   1.00000E+00   1.00000E+00   0.00000E+00   0.00000E+00
    22    12   1.00000E+00   1.00000E+00   0.00000E+00   0.00000E+00
 *******************************
    23     1   1.00000E+00   1.00000E+00   0.00000E+00   0.00000E+00
    23     2   1.00000E+00   1.00000E+00   0.00000E+00   0.00000E+00
    23     3   1.00000E+00   1.00000E+00   0.00000E+00   0.00000E+00
    23     4   1.00000E+00   1.00000E+00   0.00000E+00   0.00000E+00
    23     5   1.00000E+00   1.00000E+00   0.00000E+00   0.00000E+00
    23     6   1.00000E+00   1.00000E+00   0.00000E+00   0.00000E+00
    23     7   1.00000E+00   1.00000E+00   0.00000E+00   0.00000E+00
    23     8   1.00000E+00   1.00000E+00   0.00000E+00   0.00000E+00
    23     9   1.00000E+00   1.00000E+00   0.00000E+00   0.00000E+00
    23    10   1.00000E+00   1.00000E+00   0.00000E+00   0.00000E+00
    23    11   1.00000E+00   1.00000E+00   0.00000E+00   0.00000E+00
    23    12   1.00000E+00   1.00000E+00   0.00000E+00   0.00000E+00
 *******************************
    24     1   1.00000E+00   1.00000E+00   0.00000E+00   0.00000E+00
    24     2   1.00000E+00   1.00000E+00   0.00000E+00   0.00000E+00
    24     3   1.00000E+00   1.00000E+00   0.00000E+00   0.00000E+00
    24     4   1.00000E+00   1.00000E+00   0.00000E+00   0.00000E+00
    24     5   1.00000E+00   1.00000E+00   0.00000E+00   0.00000E+00
    24     6   1.00000E+00   1.00000E+00   0.00000E+00   0.00000E+00
    24     7   1.00000E+00   1.00000E+00   0.00000E+00   0.00000E+00
    24     8   1.00000E+00   1.00000E+00   0.00000E+00   0.00000E+00
    24     9   1.00000E+00   1.00000E+00   0.00000E+00   0.00000E+00
    24    10   1.00000E+00   1.00000E+00   0.00000E+00   0.00000E+00
    24    11   1.00000E+00   1.00000E+00   0.00000E+00   0.00000E+00
    24    12   1.00000E+00   1.00000E+00   0.00000E+00   0.00000E+00
 *******************************
    25     1   1.00000E+00   1.00000E+00   0.00000E+00   0.00000E+00
    25     2   1.00000E+00   1.00000E+00   0.00000E+00   0.00000E+00
    25     3   1.00000E+00   1.00000E+00   0.00000E+00   0.00000E+00
    25     4   1.00000E+00   1.00000E+00   0.00000E+00   0.00000E+00
    25     5   1.00000E+00   1.00000E+00   0.00000E+00   0.00000E+00
    25     6   1.00000E+00   1.00000E+00   0.00000E+00   0.00000E+00
    25     7   1.00000E+00   1.00000E+00   0.00000E+00   0.00000E+00
    25     8   1.00000E+00   1.00000E+00   0.00000E+00   0.00000E+00
    25     9   1.00000E+00   1.00000E+00   0.00000E+00   0.00000E+00
    25    10   1.00000E+00   1.00000E+00   0.00000E+00   0.00000E+00
    25    11   1.00000E+00   1.00000E+00   0.00000E+00   0.00000E+00
    25    12   1.00000E+00   1.00000E+00   0.00000E+00   0.00000E+00
 *******************************
    26     1   1.00000E+00   1.00000E+00   0.00000E+00   0.00000E+00
    26     2   1.00000E+00   1.00000E+00   0.00000E+00   0.00000E+00
    26     3   1.00000E+00   1.00000E+00   0.00000E+00   0.00000E+00
    26     4   1.00000E+00   1.00000E+00   0.00000E+00   0.00000E+00
    26     5   1.00000E+00   1.00000E+00   0.00000E+00   0.00000E+00
    26     6   1.00000E+00   1.00000E+00   0.00000E+00   0.00000E+00
    26     7   1.00000E+00   1.00000E+00   0.00000E+00   0.00000E+00
    26     8   1.00000E+00   1.00000E+00   0.00000E+00   0.00000E+00
    26     9   1.00000E+00   1.00000E+00   0.00000E+00   0.00000E+00
    26    10   1.00000E+00   1.00000E+00   0.00000E+00   0.00000E+00
    26    11   1.00000E+00   1.00000E+00   0.00000E+00   0.00000E+00
    26    12   1.00000E+00   1.00000E+00   0.00000E+00   0.00000E+00
 *******************************
    27     1   1.01971E+00   1.01971E+00   1.76205E-07   1.72798E-07
    27     2   1.01716E+00   1.01716E+00   1.56060E-09   1.53428E-09
    27     3   1.01789E+00   1.01789E+00  -4.16961E-08  -4.09632E-08
    27     4   1.01857E+00   1.01857E+00   4.30168E-08   4.22326E-08
    27     5   1.01920E+00   1.01920E+00  -1.57691E-09  -1.54721E-09
    27     6   1.01902E+00   1.01902E+00  -6.61736E-09  -6.49386E-09
    27     7   1.02036E+00   1.02036E+00  -1.83597E-07  -1.79934E-07
    27     8   1.02095E+00   1.02095E+00   6.70862E-09   6.57096E-09
    27     9   1.02238E+00   1.02238E+00   1.31092E-09   1.28223E-09
    27    10   1.02301E+00   1.02301E+00  -3.50308E-08  -3.42429E-08
    27    11   1.02359E+00   1.02359E+00   3.61229E-08   3.52904E-08
    27    12   1.02413E+00   1.02413E+00  -1.32440E-09  -1.29319E-09
 *******************************
    28     1   1.09755E+00   1.09755E+00   1.94606E-07   1.77310E-07
    28     2   1.09848E+00   1.09848E+00   1.69671E-09   1.54461E-09
    28     3   1.10343E+00   1.10343E+00  -4.58112E-08  -4.15173E-08
    28     4   1.10800E+00   1.10800E+00   4.58112E-08   4.13458E-08
    28     5   1.11207E+00   1.11207E+00  -1.69671E-09  -1.52572E-09
    28     6   1.09343E+00   1.09343E+00  -7.20761E-09  -6.59173E-09
    28     7   1.10155E+00   1.10155E+00  -1.94606E-07  -1.76665E-07
    28     8   1.10504E+00   1.10504E+00   7.20761E-09   6.52252E-09
    28     9   1.08621E+00   1.08621E+00   1.42517E-09   1.31206E-09
    28    10   1.08923E+00   1.08923E+00  -3.84795E-08  -3.53271E-08
    28    11   1.09221E+00   1.09221E+00   3.84795E-08   3.52309E-08
    28    12   1.09499E+00   1.09499E+00  -1.42517E-09  -1.30153E-09
 *******************************
 -------------------------------
     1     1     1     1    29    29   1.52621E+00   1.52621E+00  -2.66514E-07  -1.74625E-07
     1     1     1     2    29    29   1.55392E+00   1.55392E+00  -2.32367E-09  -1.49536E-09
     1     1     1     3    29    29   1.54751E+00   1.54751E+00   6.27390E-08   4.05420E-08
     1     1     1     4    29    29   1.54124E+00   1.54124E+00  -6.27392E-08  -4.07070E-08
     1     1     1     5    29    29   1.53510E+00   1.53510E+00   2.32367E-09   1.51370E-09
     1     1     1     6    29    29   1.53242E+00   1.53242E+00   9.87092E-09   6.44139E-09
     1     1     1     7    29    29   1.52011E+00   1.52011E+00   2.66516E-07   1.75326E-07
     1     1     1     8    29    29   1.51415E+00   1.51415E+00  -9.87093E-09  -6.51911E-09
     1     1     1     9    29    29   1.49164E+00   1.49164E+00  -1.95178E-09  -1.30848E-09
     1     1     1    10    29    29   1.48579E+00   1.48579E+00   5.26981E-08   3.54682E-08
     1     1     1    11    29    29   1.48005E+00   1.48005E+00  -5.26982E-08  -3.56057E-08
     1     1     1    12    29    29   1.47442E+00   1.47442E+00   1.95178E-09   1.32376E-09
     1     1     2     1    30    30   4.15379E+01   4.15379E+01  -7.13995E-06  -1.71890E-07
     1     1     2     2    30    30   4.46590E+01   4.46590E+01  -6.22513E-08  -1.39392E-09
     1     1     2     3    30    30   4.34331E+01   4.34331E+01   1.68078E-06   3.86982E-08
     1     1     2     4    30    30   4.22779E+01   4.22779E+01  -1.68078E-06  -3.97556E-08
     1     1     2     5    30    30   4.11868E+01   4.11868E+01   6.22513E-08   1.51144E-09
     1     1     2     6    30    30   4.26680E+01   4.26680E+01   2.64443E-07   6.19768E-09
     1     1     2     7    30    30   4.04681E+01   4.04681E+01   7.13995E-06   1.76434E-07
     1     1     2     8    30    30   3.94589E+01   3.94589E+01  -2.64443E-07  -6.70173E-09
     1     1     2     9    30    30   3.95310E+01   3.95310E+01  -5.22884E-08  -1.32272E-09
     1     1     2    10    30    30   3.85390E+01   3.85390E+01   1.41179E-06   3.66327E-08
     1     1     2    11    30    30   3.76006E+01   3.76006E+01  -1.41179E-06  -3.75469E-08
     1     1     2    12    30    30   3.67101E+01   3.67101E+01   5.22884E-08   1.42436E-09
     1     2     1     1    31    31   6.32065E-02   6.32065E-02  -4.02890E-09  -6.37419E-08
     1     2     1     2    31    31   6.31700E-02   6.31700E-02  -1.26609E-11  -2.00426E-10
     1     2     1     3    31    31   6.31896E-02   6.31896E-02   7.39746E-10   1.17068E-08
     1     2     1     4    31    31   6.32089E-02   6.32089E-02   4.55933E-10   7.21311E-09
     1     2     1     5    31    31   6.32278E-02   6.32278E-02  -2.14750E-12  -3.39645E-11
     1     2     1     6    31    31   6.31874E-02   6.31874E-02   7.39929E-11   1.17101E-09
     1     2     1     7    31    31   6.32252E-02   6.32252E-02  -2.64968E-09  -4.19086E-08
     1     2     1     8    31    31   6.32437E-02   6.32437E-02   2.23675E-11   3.53672E-10
     1     2     1     9    31    31   6.32196E-02   6.32196E-02  -1.07039E-11  -1.69313E-10
     1     2     1    10    31    31   6.32377E-02   6.32377E-02   6.17952E-10   9.77189E-09
     1     2     1    11    31    31   6.32556E-02   6.32556E-02   3.70679E-10   5.86003E-09
     1     2     1    12    31    31   6.32731E-02   6.32731E-02  -1.54399E-12  -2.44019E-11
     2     4     1     1    33    32   2.11935E+02   2.11935E+02  -3.70434E-05  -1.74787E-07
     2     4     1     2    33    32   2.16779E+02   2.16779E+02  -3.22975E-07  -1.48988E-09
     2     4     1     3    33    32   2.15240E+02   2.15240E+02   8.72027E-06   4.05141E-08
     2     4     1     4    33    32   2.13732E+02   2.13732E+02  -8.72047E-06  -4.08010E-08
     2     4     1     5    33    32   2.12252E+02   2.12252E+02   3.22978E-07   1.52167E-09
     2     4     1     6    33    32   2.13437E+02   2.13437E+02   1.37199E-06   6.42810E-09
     2     4     1     7    33    32   2.10460E+02   2.10461E+02   3.70446E-05   1.76017E-07
     2     4     1     8    33    32   2.09015E+02   2.09015E+02  -1.37201E-06  -6.56414E-09
     2     4     1     9    33    32   2.06819E+02   2.06819E+02  -2.71285E-07  -1.31170E-09
     2     4     1    10    33    32   2.05392E+02   2.05392E+02   7.32465E-06   3.56619E-08
     2     4     1    11    33    32   2.03992E+02   2.03992E+02  -7.32481E-06  -3.59074E-08
     2     4     1    12    33    32   2.02617E+02   2.02617E+02   2.71287E-07   1.33892E-09
     2     4     2     1    34    33   1.54766E+06   1.54766E+06  -2.64320E-01  -1.70787E-07
     2     4     2     2    34    33   1.69224E+06   1.69224E+06  -2.30453E-03  -1.36182E-09
     2     4     2     3    34    33   1.63720E+06   1.63720E+06   6.22224E-02   3.80054E-08
     2     4     2     4    34    33   1.58546E+06   1.58546E+06  -6.22224E-02  -3.92457E-08
     2     4     2     5    34    33   1.53672E+06   1.53672E+06   2.30453E-03   1.49965E-09
     2     4     2     6    34    33   1.59792E+06   1.59792E+06   9.78962E-03   6.12647E-09
     2     4     2     7    34    33   1.50022E+06   1.50023E+06   2.64320E-01   1.76187E-07
     2     4     2     8    34    33   1.45557E+06   1.45557E+06  -9.78962E-03  -6.72564E-09
     2     4     2     9    34    33   1.45547E+06   1.45547E+06  -1.93571E-03  -1.32995E-09
     2     4     2    10    34    33   1.41203E+06   1.41203E+06   5.22641E-02   3.70133E-08
     2     4     2    11    34    33   1.37104E+06   1.37104E+06  -5.22641E-02  -3.81200E-08
     2     4     2    12    34    33   1.33224E+06   1.33224E+06   1.93571E-03   1.45297E-09
     2     5     1     1    35    34   2.43969E-03   2.43969E-03   3.00584E-10   1.23206E-07
     2     5     1     2    35    34   2.45298E-03   2.45298E-03   1.81904E-12   7.41561E-10
     2     5     1     3    35    34   2.44584E-03   2.44584E-03  -6.35734E-11  -2.59925E-08
     2     5     1     4    35    34   2.43881E-03   2.43881E-03   2.01952E-11   8.28076E-09
     2     5     1     5    35    34   2.43190E-03   2.43190E-03  -1.28350E-12  -5.27778E-10
     2     5     1     6    35    34   2.44665E-03   2.44665E-03  -8.13583E-12  -3.32530E-09
     2     5     1     7    35    34   2.43286E-03   2.43286E-03  -5.78029E-11  -2.37592E-08
     2     5     1     8    35    34   2.42613E-03   2.42613E-03   5.13781E-12   2.11769E-09
     2     5     1     9    35    34   2.43492E-03   2.43492E-03   1.52739E-12   6.27285E-10
     2     5     1    10    35    34   2.42831E-03   2.42830E-03  -5.31951E-11  -2.19063E-08
     2     5     1    11    35    34   2.42180E-03   2.42180E-03   1.73283E-11   7.15514E-09
     2     5     1    12    35    34   2.41539E-03   2.41539E-03  -1.08459E-12  -4.49032E-10
     3     7     1     1    37    35   7.32108E+01   7.32108E+01  -1.28386E-05  -1.75365E-07
     3     7     1     2    37    35   7.43982E+01   7.43982E+01  -1.11937E-07  -1.50456E-09
     3     7     1     3    37    35   7.41923E+01   7.41923E+01   3.02229E-06   4.07358E-08
     3     7     1     4    37    35   7.39918E+01   7.39918E+01  -3.02229E-06  -4.08463E-08
     3     7     1     5    37    35   7.37958E+01   7.37958E+01   1.11937E-07   1.51684E-09
     3     7     1     6    37    35   7.34089E+01   7.34089E+01   4.75505E-07   6.47749E-09
     3     7     1     7    37    35   7.30167E+01   7.30167E+01   1.28386E-05   1.75832E-07
     3     7     1     8    37    35   7.28276E+01   7.28276E+01  -4.75505E-07  -6.52918E-09
     3     7     1     9    37    35   7.15647E+01   7.15647E+01  -9.40219E-08  -1.31380E-09
     3     7     1    10    37    35   7.13798E+01   7.13798E+01   2.53859E-06   3.55646E-08
     3     7     1    11    37    35   7.11991E+01   7.11991E+01  -2.53859E-06  -3.56548E-08
     3     7     1    12    37    35   7.10219E+01   7.10219E+01   9.40219E-08   1.32384E-09
     3     7     2     1    38    36   7.27991E+02   7.27990E+02  -1.25265E-04  -1.72070E-07
     3     7     2     2    38    36   7.82629E+02   7.82629E+02  -1.09216E-06  -1.39550E-09
     3     7     2     3    38    36   7.61162E+02   7.61162E+02   2.94882E-05   3.87410E-08
     3     7     2     4    38    36   7.40932E+02   7.40932E+02  -2.94882E-05  -3.97988E-08
     3     7     2     5    38    36   7.21826E+02   7.21826E+02   1.09216E-06   1.51305E-09
     3     7     2     6    38    36   7.47783E+02   7.47783E+02   4.63946E-06   6.20429E-09
     3     7     2     7    38    36   7.09255E+02   7.09256E+02   1.25265E-04   1.76615E-07
     3     7     2     8    38    36   6.91581E+02   6.91581E+02  -4.63946E-06  -6.70849E-09
     3     7     2     9    38    36   6.92858E+02   6.92858E+02  -9.17364E-07  -1.32403E-09
     3     7     2    10    38    36   6.75482E+02   6.75482E+02   2.47688E-05   3.66683E-08
     3     7     2    11    38    36   6.59047E+02   6.59046E+02  -2.47688E-05  -3.75828E-08
     3     7     2    12    38    36   6.43450E+02   6.43450E+02   9.17363E-07   1.42570E-09
     3     8     1     1    39    37   1.11309E-02   1.11309E-02  -1.06596E-09  -9.57662E-08
     3     8     1     2    39    37   1.10994E-02   1.10994E-02  -5.30983E-12  -4.78390E-10
     3     8     1     3    39    37   1.11163E-02   1.11163E-02   2.14885E-10   1.93305E-08
     3     8     1     4    39    37   1.11330E-02   1.11330E-02  -3.22607E-13  -2.89775E-11
     3     8     1     5    39    37   1.11494E-02   1.11494E-02   2.66081E-12   2.38650E-10
     3     8     1     6    39    37   1.11144E-02   1.11144E-02   2.46698E-11   2.21962E-09
     3     8     1     7    39    37   1.11471E-02   1.11471E-02  -1.34883E-10  -1.21002E-08
     3     8     1     8    39    37   1.11631E-02   1.11631E-02  -9.81581E-12  -8.79309E-10
     3     8     1     9    39    37   1.11422E-02   1.11422E-02  -4.46170E-12  -4.00431E-10
     3     8     1    10    39    37   1.11579E-02   1.11579E-02   1.79601E-10   1.60962E-08
     3     8     1    11    39    37   1.11734E-02   1.11734E-02  -2.19221E-12  -1.96199E-10
     3     8     1    12    39    37   1.11886E-02   1.11886E-02   2.27137E-12   2.03008E-10
     4    10     1     1    41    38   1.66869E+02   1.66868E+02  -2.92092E-05  -1.75043E-07
     4    10     1     2    41    38   1.70114E+02   1.70114E+02  -2.54668E-07  -1.49704E-09
     4    10     1     3    41    38   1.69226E+02   1.69226E+02   6.87603E-06   4.06321E-08
     4    10     1     4    41    38   1.68357E+02   1.68357E+02  -6.87607E-06  -4.08422E-08
     4    10     1     5    41    38   1.67505E+02   1.67505E+02   2.54669E-07   1.52037E-09
     4    10     1     6    41    38   1.67731E+02   1.67731E+02   1.08183E-06   6.44977E-09
     4    10     1     7    41    38   1.66022E+02   1.66022E+02   2.92095E-05   1.75937E-07
     4    10     1     8    41    38   1.65193E+02   1.65193E+02  -1.08183E-06  -6.54888E-09
     4    10     1     9    41    38   1.63123E+02   1.63123E+02  -2.13910E-07  -1.31134E-09
     4    10     1    10    41    38   1.62308E+02   1.62308E+02   5.77556E-06   3.55840E-08
     4    10     1    11    41    38   1.61509E+02   1.61509E+02  -5.77560E-06  -3.57603E-08
     4    10     1    12    41    38   1.60724E+02   1.60724E+02   2.13911E-07   1.33092E-09
     4    10     2     1    42    39   4.68633E+04   4.68633E+04  -8.03480E-03  -1.71452E-07
     4    10     2     2    42    39   5.07164E+04   5.07164E+04  -7.00532E-05  -1.38127E-09
     4    10     2     3    42    39   4.91429E+04   4.91429E+04   1.89144E-03   3.84885E-08
     4    10     2     4    42    39   4.76615E+04   4.76615E+04  -1.89144E-03  -3.96848E-08
     4    10     2     5    42    39   4.62640E+04   4.62640E+04   7.00532E-05   1.51421E-09
     4    10     2     6    42    39   4.83196E+04   4.83196E+04   2.97585E-04   6.15869E-09
     4    10     2     7    42    39   4.54869E+04   4.54869E+04   8.03480E-03   1.76640E-07
     4    10     2     8    42    39   4.41896E+04   4.41896E+04  -2.97585E-04  -6.73428E-09
     4    10     2     9    42    39   4.44344E+04   4.44344E+04  -5.88417E-05  -1.32424E-09
     4    10     2    10    42    39   4.31580E+04   4.31580E+04   1.58872E-03   3.68118E-08
     4    10     2    11    42    39   4.19520E+04   4.19520E+04  -1.58872E-03  -3.78700E-08
     4    10     2    12    42    39   4.08093E+04   4.08093E+04   5.88416E-05   1.44187E-09
     4    11     1     1    43    40   6.72489E-14   6.72489E-14  -1.22992E-20  -1.22992E-20
     4    11     1     2    43    40   6.04742E-14   6.04742E-14  -1.07233E-22  -1.07233E-22
     4    11     1     3    43    40   6.39228E-14   6.39228E-14   2.89530E-21   2.89530E-21
     4    11     1     4    43    40   6.73118E-14   6.73118E-14  -2.89528E-21  -2.89528E-21
     4    11     1     5    43    40   7.06439E-14   7.06439E-14   1.07233E-22   1.07233E-22
     4    11     1     6    43    40   6.38774E-14   6.38774E-14   4.55525E-22   4.55525E-22
     4    11     1     7    43    40   7.05631E-14   7.05632E-14   1.22991E-20   1.22991E-20
     4    11     1     8    43    40   7.38225E-14   7.38225E-14  -4.55524E-22  -4.55524E-22
     4    11     1     9    43    40   7.02465E-14   7.02465E-14  -9.00711E-23  -9.00711E-23
     4    11     1    10    43    40   7.34847E-14   7.34847E-14   2.43192E-21   2.43192E-21
     4    11     1    11    43    40   7.66691E-14   7.66691E-14  -2.43191E-21  -2.43191E-21
     4    11     1    12    43    40   7.98016E-14   7.98016E-14   9.00709E-23   9.00709E-23
