     1     1   2.89552E-01   2.89552E-01  -5.04962E-08  -1.74394E-07
     1     2   2.97095E-01   2.97095E-01  -4.40263E-10  -1.48189E-09
     1     3   2.97225E-01   2.97225E-01   1.18871E-08   3.99936E-08
     1     4   2.97343E-01   2.97343E-01  -1.18871E-08  -3.99777E-08
     1     5   2.97457E-01   2.97457E-01   4.40262E-10   1.48009E-09
     1     6   2.89418E-01   2.89418E-01   1.87023E-09   6.46204E-09
     1     7   2.89672E-01   2.89672E-01   5.04962E-08   1.74322E-07
     1     8   2.89788E-01   2.89788E-01  -1.87023E-09  -6.45379E-09
     1     9   2.76334E-01   2.76334E-01  -3.69802E-10  -1.33824E-09
     1    10   2.76471E-01   2.76471E-01   9.98464E-09   3.61146E-08
     1    11   2.76595E-01   2.76595E-01  -9.98464E-09  -3.60985E-08
     1    12   2.76713E-01   2.76713E-01   3.69801E-10   1.33641E-09
 *******************************
     2     1   1.16507E+00   1.16507E+00   2.01553E-07   1.72997E-07
     2     2   1.27611E+00   1.27611E+00   1.75728E-09   1.37706E-09
     2     3   1.25235E+00   1.25235E+00  -4.74467E-08  -3.78863E-08
     2     4   1.23279E+00   1.23279E+00   4.74467E-08   3.84872E-08
     2     5   1.21629E+00   1.21629E+00  -1.75729E-09  -1.44479E-09
     2     6   1.18260E+00   1.18260E+00  -7.46492E-09  -6.31227E-09
     2     7   1.15020E+00   1.15020E+00  -2.01553E-07  -1.75232E-07
     2     8   1.13746E+00   1.13746E+00   7.46493E-09   6.56279E-09
     2     9   1.04491E+00   1.04491E+00   1.47604E-09   1.41260E-09
     2    10   1.03399E+00   1.03399E+00  -3.98532E-08  -3.85431E-08
     2    11   1.02458E+00   1.02458E+00   3.98532E-08   3.88972E-08
     2    12   1.01638E+00   1.01638E+00  -1.47604E-09  -1.45226E-09
 *******************************
     3     1   2.43358E-03   2.43358E-03  -4.37365E-10  -1.79721E-07
     3     2   2.37071E-03   2.37071E-03  -3.81327E-12  -1.60849E-09
     3     3   2.50759E-03   2.50759E-03   1.02958E-10   4.10587E-08
     3     4   2.64268E-03   2.64268E-03  -1.02958E-10  -3.89598E-08
     3     5   2.77634E-03   2.77634E-03   3.81327E-12   1.37349E-09
     3     6   2.30202E-03   2.30202E-03   1.61987E-11   7.03674E-09
     3     7   2.56334E-03   2.56334E-03   4.37365E-10   1.70623E-07
     3     8   2.69172E-03   2.69172E-03  -1.61987E-11  -6.01798E-09
     3     9   2.18449E-03   2.18449E-03  -3.20298E-12  -1.46624E-09
     3    10   2.30659E-03   2.30659E-03   8.64805E-11   3.74927E-08
     3    11   2.42701E-03   2.42701E-03  -8.64805E-11  -3.56326E-08
     3    12   2.54610E-03   2.54610E-03   3.20298E-12   1.25800E-09
 *******************************
     4     1   2.87697E-02   2.87697E-02  -5.74652E-09  -1.99742E-07
     4     2   1.98205E-02   1.98205E-02  -5.01024E-11  -2.52781E-09
     4     3   3.09816E-02   3.09816E-02   1.35276E-09   4.36635E-08
     4     4   4.10604E-02   4.10604E-02  -1.35276E-09  -3.29457E-08
     4     5   5.03361E-02   5.03361E-02   5.01024E-11   9.95357E-10
     4     6   1.86352E-02   1.86352E-02   2.12834E-10   1.14211E-08
     4     7   3.80476E-02   3.80476E-02   5.74652E-09   1.51035E-07
     4     8   4.66398E-02   4.66398E-02  -2.12834E-10  -4.56336E-09
     4     9   1.69039E-02   1.69039E-02  -4.20838E-11  -2.48959E-09
     4    10   2.56589E-02   2.56589E-02   1.13626E-09   4.42834E-08
     4    11   3.37601E-02   3.37601E-02  -1.13626E-09  -3.36570E-08
     4    12   4.13277E-02   4.13277E-02   4.20838E-11   1.01829E-09
 *******************************
     5     1   0.00000E+00   0.00000E+00   0.00000E+00   0.00000E+00
     5     2   0.00000E+00   0.00000E+00   0.00000E+00   0.00000E+00
     5     3   0.00000E+00   0.00000E+00   0.00000E+00   0.00000E+00
     5     4   0.00000E+00   0.00000E+00   0.00000E+00   0.00000E+00
     5     5   0.00000E+00   0.00000E+00   0.00000E+00   0.00000E+00
     5     6   0.00000E+00   0.00000E+00   0.00000E+00   0.00000E+00
     5     7   0.00000E+00   0.00000E+00   0.00000E+00   0.00000E+00
     5     8   0.00000E+00   0.00000E+00   0.00000E+00   0.00000E+00
     5     9   0.00000E+00   0.00000E+00   0.00000E+00   0.00000E+00
     5    10   0.00000E+00   0.00000E+00   0.00000E+00   0.00000E+00
     5    11   0.00000E+00   0.00000E+00   0.00000E+00   0.00000E+00
     5    12   0.00000E+00   0.00000E+00   0.00000E+00   0.00000E+00
 *******************************
     6     1   0.00000E+00   0.00000E+00   0.00000E+00   0.00000E+00
     6     2   0.00000E+00   0.00000E+00   0.00000E+00   0.00000E+00
     6     3   0.00000E+00   0.00000E+00   0.00000E+00   0.00000E+00
     6     4   0.00000E+00   0.00000E+00   0.00000E+00   0.00000E+00
     6     5   0.00000E+00   0.00000E+00   0.00000E+00   0.00000E+00
     6     6   0.00000E+00   0.00000E+00   0.00000E+00   0.00000E+00
     6     7   0.00000E+00   0.00000E+00   0.00000E+00   0.00000E+00
     6     8   0.00000E+00   0.00000E+00   0.00000E+00   0.00000E+00
     6     9   0.00000E+00   0.00000E+00   0.00000E+00   0.00000E+00
     6    10   0.00000E+00   0.00000E+00   0.00000E+00   0.00000E+00
     6    11   0.00000E+00   0.00000E+00   0.00000E+00   0.00000E+00
     6    12   0.00000E+00   0.00000E+00   0.00000E+00   0.00000E+00
 *******************************
     7     1   0.00000E+00   0.00000E+00   0.00000E+00   0.00000E+00
     7     2   0.00000E+00   0.00000E+00   0.00000E+00   0.00000E+00
     7     3   0.00000E+00   0.00000E+00   0.00000E+00   0.00000E+00
     7     4   0.00000E+00   0.00000E+00   0.00000E+00   0.00000E+00
     7     5   0.00000E+00   0.00000E+00   0.00000E+00   0.00000E+00
     7     6   0.00000E+00   0.00000E+00   0.00000E+00   0.00000E+00
     7     7   0.00000E+00   0.00000E+00   0.00000E+00   0.00000E+00
     7     8   0.00000E+00   0.00000E+00   0.00000E+00   0.00000E+00
     7     9   0.00000E+00   0.00000E+00   0.00000E+00   0.00000E+00
     7    10   0.00000E+00   0.00000E+00   0.00000E+00   0.00000E+00
     7    11   0.00000E+00   0.00000E+00   0.00000E+00   0.00000E+00
     7    12   0.00000E+00   0.00000E+00   0.00000E+00   0.00000E+00
 *******************************
     8     1   0.00000E+00   0.00000E+00   0.00000E+00   0.00000E+00
     8     2   0.00000E+00   0.00000E+00   0.00000E+00   0.00000E+00
     8     3   0.00000E+00   0.00000E+00   0.00000E+00   0.00000E+00
     8     4   0.00000E+00   0.00000E+00   0.00000E+00   0.00000E+00
     8     5   0.00000E+00   0.00000E+00   0.00000E+00   0.00000E+00
     8     6   0.00000E+00   0.00000E+00   0.00000E+00   0.00000E+00
     8     7   0.00000E+00   0.00000E+00   0.00000E+00   0.00000E+00
     8     8   0.00000E+00   0.00000E+00   0.00000E+00   0.00000E+00
     8     9   0.00000E+00   0.00000E+00   0.00000E+00   0.00000E+00
     8    10   0.00000E+00   0.00000E+00   0.00000E+00   0.00000E+00
     8    11   0.00000E+00   0.00000E+00   0.00000E+00   0.00000E+00
     8    12   0.00000E+00   0.00000E+00   0.00000E+00   0.00000E+00
 *******************************
     9     1   0.00000E+00   0.00000E+00   0.00000E+00   0.00000E+00
     9     2   0.00000E+00   0.00000E+00   0.00000E+00   0.00000E+00
     9     3   0.00000E+00   0.00000E+00   0.00000E+00   0.00000E+00
     9     4   0.00000E+00   0.00000E+00   0.00000E+00   0.00000E+00
     9     5   0.00000E+00   0.00000E+00   0.00000E+00   0.00000E+00
     9     6   0.00000E+00   0.00000E+00   0.00000E+00   0.00000E+00
     9     7   0.00000E+00   0.00000E+00   0.00000E+00   0.00000E+00
     9     8   0.00000E+00   0.00000E+00   0.00000E+00   0.00000E+00
     9     9   0.00000E+00   0.00000E+00   0.00000E+00   0.00000E+00
     9    10   0.00000E+00   0.00000E+00   0.00000E+00   0.00000E+00
     9    11   0.00000E+00   0.00000E+00   0.00000E+00   0.00000E+00
     9    12   0.00000E+00   0.00000E+00   0.00000E+00   0.00000E+00
 *******************************
    10     1   0.00000E+00   0.00000E+00   0.00000E+00   0.00000E+00
    10     2   0.00000E+00   0.00000E+00   0.00000E+00   0.00000E+00
    10     3   0.00000E+00   0.00000E+00   0.00000E+00   0.00000E+00
    10     4   0.00000E+00   0.00000E+00   0.00000E+00   0.00000E+00
    10     5   0.00000E+00   0.00000E+00   0.00000E+00   0.00000E+00
    10     6   0.00000E+00   0.00000E+00   0.00000E+00   0.00000E+00
    10     7   0.00000E+00   0.00000E+00   0.00000E+00   0.00000E+00
    10     8   0.00000E+00   0.00000E+00   0.00000E+00   0.00000E+00
    10     9   0.00000E+00   0.00000E+00   0.00000E+00   0.00000E+00
    10    10   0.00000E+00   0.00000E+00   0.00000E+00   0.00000E+00
    10    11   0.00000E+00   0.00000E+00   0.00000E+00   0.00000E+00
    10    12   0.00000E+00   0.00000E+00   0.00000E+00   0.00000E+00
 *******************************
    11     1   0.00000E+00   0.00000E+00   0.00000E+00   0.00000E+00
    11     2   0.00000E+00   0.00000E+00   0.00000E+00   0.00000E+00
    11     3   0.00000E+00   0.00000E+00   0.00000E+00   0.00000E+00
    11     4   0.00000E+00   0.00000E+00   0.00000E+00   0.00000E+00
    11     5   0.00000E+00   0.00000E+00   0.00000E+00   0.00000E+00
    11     6   0.00000E+00   0.00000E+00   0.00000E+00   0.00000E+00
    11     7   0.00000E+00   0.00000E+00   0.00000E+00   0.00000E+00
    11     8   0.00000E+00   0.00000E+00   0.00000E+00   0.00000E+00
    11     9   0.00000E+00   0.00000E+00   0.00000E+00   0.00000E+00
    11    10   0.00000E+00   0.00000E+00   0.00000E+00   0.00000E+00
    11    11   0.00000E+00   0.00000E+00   0.00000E+00   0.00000E+00
    11    12   0.00000E+00   0.00000E+00   0.00000E+00   0.00000E+00
 *******************************
    12     1   0.00000E+00   0.00000E+00   0.00000E+00   0.00000E+00
    12     2   0.00000E+00   0.00000E+00   0.00000E+00   0.00000E+00
    12     3   0.00000E+00   0.00000E+00   0.00000E+00   0.00000E+00
    12     4   0.00000E+00   0.00000E+00   0.00000E+00   0.00000E+00
    12     5   0.00000E+00   0.00000E+00   0.00000E+00   0.00000E+00
    12     6   0.00000E+00   0.00000E+00   0.00000E+00   0.00000E+00
    12     7   0.00000E+00   0.00000E+00   0.00000E+00   0.00000E+00
    12     8   0.00000E+00   0.00000E+00   0.00000E+00   0.00000E+00
    12     9   0.00000E+00   0.00000E+00   0.00000E+00   0.00000E+00
    12    10   0.00000E+00   0.00000E+00   0.00000E+00   0.00000E+00
    12    11   0.00000E+00   0.00000E+00   0.00000E+00   0.00000E+00
    12    12   0.00000E+00   0.00000E+00   0.00000E+00   0.00000E+00
 *******************************
    13     1   3.78853E-01   3.78853E-01  -6.62058E-08  -1.74754E-07
    13     2   3.89418E-01   3.89418E-01  -5.77231E-10  -1.48229E-09
    13     3   3.89635E-01   3.89635E-01   1.55852E-08   3.99995E-08
    13     4   3.89821E-01   3.89821E-01  -1.55852E-08  -3.99805E-08
    13     5   3.89995E-01   3.89995E-01   5.77231E-10   1.48010E-09
    13     6   3.78618E-01   3.78618E-01   2.45207E-09   6.47636E-09
    13     7   3.79046E-01   3.79047E-01   6.62058E-08   1.74664E-07
    13     8   3.79228E-01   3.79228E-01  -2.45207E-09  -6.46594E-09
    13     9   3.60324E-01   3.60324E-01  -4.84848E-10  -1.34559E-09
    13    10   3.60574E-01   3.60574E-01   1.30909E-08   3.63058E-08
    13    11   3.60782E-01   3.60782E-01  -1.30909E-08  -3.62849E-08
    13    12   3.60973E-01   3.60973E-01   4.84849E-10   1.34317E-09
 *******************************
    14     1   2.14604E-02   2.14605E-02   3.74525E-09   1.74519E-07
    14     2   2.24838E-02   2.24838E-02   3.26538E-11   1.45233E-09
    14     3   2.23532E-02   2.23532E-02  -8.81653E-10  -3.94419E-08
    14     4   2.22309E-02   2.22309E-02   8.81653E-10   3.96590E-08
    14     5   2.21125E-02   2.21125E-02  -3.26538E-11  -1.47672E-09
    14     6   2.15917E-02   2.15917E-02  -1.38713E-10  -6.42435E-09
    14     7   2.13403E-02   2.13403E-02  -3.74525E-09  -1.75501E-07
    14     8   2.12255E-02   2.12255E-02   1.38713E-10   6.53522E-09
    14     9   2.00103E-02   2.00103E-02   2.74278E-11   1.37068E-09
    14    10   1.98828E-02   1.98828E-02  -7.40550E-10  -3.72458E-08
    14    11   1.97691E-02   1.97691E-02   7.40550E-10   3.74600E-08
    14    12   1.96618E-02   1.96618E-02  -2.74278E-11  -1.39498E-09
 *******************************
    15     1   7.21741E-04   7.21742E-04   1.42757E-10   1.97796E-07
    15     2   4.82533E-04   4.82533E-04   1.24466E-12   2.57943E-09
    15     3   7.02634E-04   7.02634E-04  -3.36059E-11  -4.78285E-08
    15     4   9.04767E-04   9.04767E-04   3.36059E-11   3.71432E-08
    15     5   1.09207E-03   1.09207E-03  -1.24466E-12  -1.13973E-09
    15     6   5.12693E-04   5.12693E-04  -5.28731E-12  -1.03128E-08
    15     7   9.17313E-04   9.17313E-04  -1.42757E-10  -1.55626E-07
    15     8   1.10000E-03   1.10000E-03   5.28731E-12   4.80666E-09
    15     9   5.41580E-04   5.41580E-04   1.04546E-12   1.93040E-09
    15    10   7.34232E-04   7.34232E-04  -2.82275E-11  -3.84449E-08
    15    11   9.15614E-04   9.15614E-04   2.82275E-11   3.08291E-08
    15    12   1.08599E-03   1.08599E-03  -1.04546E-12  -9.62678E-10
 *******************************
    16     1   1.29823E+00   1.29823E+00   2.25519E-07   1.73712E-07
    16     2   1.43483E+00   1.43483E+00   1.96624E-09   1.37037E-09
    16     3   1.40251E+00   1.40251E+00  -5.30886E-08  -3.78526E-08
    16     4   1.37478E+00   1.37478E+00   5.30886E-08   3.86162E-08
    16     5   1.35043E+00   1.35043E+00  -1.96624E-09  -1.45602E-09
    16     6   1.32399E+00   1.32399E+00  -8.35257E-09  -6.30864E-09
    16     7   1.27549E+00   1.27549E+00  -2.25519E-07  -1.76810E-07
    16     8   1.25525E+00   1.25525E+00   8.35257E-09   6.65413E-09
    16     9   1.16307E+00   1.16307E+00   1.65156E-09   1.42000E-09
    16    10   1.14457E+00   1.14457E+00  -4.45921E-08  -3.89597E-08
    16    11   1.12795E+00   1.12795E+00   4.45921E-08   3.95338E-08
    16    12   1.11292E+00   1.11292E+00  -1.65156E-09  -1.48399E-09
 *******************************
    17     1   1.19434E+00   1.19434E+00   2.09102E-07   1.75077E-07
    17     2   1.19637E+00   1.19637E+00   1.82310E-09   1.52387E-09
    17     3   1.19600E+00   1.19600E+00  -4.92238E-08  -4.11570E-08
    17     4   1.19597E+00   1.19597E+00   4.92238E-08   4.11580E-08
    17     5   1.19606E+00   1.19606E+00  -1.82310E-09  -1.52426E-09
    17     6   1.19492E+00   1.19492E+00  -7.74452E-09  -6.48120E-09
    17     7   1.19420E+00   1.19420E+00  -2.09102E-07  -1.75097E-07
    17     8   1.19422E+00   1.19422E+00   7.74452E-09   6.48499E-09
    17     9   1.18967E+00   1.18967E+00   1.53133E-09   1.28719E-09
    17    10   1.18887E+00   1.18887E+00  -4.13458E-08  -3.47774E-08
    17    11   1.18860E+00   1.18860E+00   4.13458E-08   3.47855E-08
    17    12   1.18853E+00   1.18853E+00  -1.53133E-09  -1.28842E-09
 *******************************
    18     1   2.61998E-01   2.61998E-01  -4.87915E-08  -1.86228E-07
    18     2   2.07890E-01   2.07890E-01  -4.25400E-10  -2.04627E-09
    18     3   2.73413E-01   2.73413E-01   1.14858E-08   4.20089E-08
    18     4   3.24339E-01   3.24339E-01  -1.14858E-08  -3.54130E-08
    18     5   3.66167E-01   3.66167E-01   4.25400E-10   1.16176E-09
    18     6   2.01243E-01   2.01243E-01   1.80709E-09   8.97967E-09
    18     7   3.10147E-01   3.10147E-01   4.87915E-08   1.57317E-07
    18     8   3.50014E-01   3.50014E-01  -1.80709E-09  -5.16292E-09
    18     9   1.89568E-01   1.89568E-01  -3.57318E-10  -1.88490E-09
    18    10   2.43615E-01   2.43615E-01   9.64757E-09   3.96018E-08
    18    11   2.87218E-01   2.87218E-01  -9.64757E-09  -3.35897E-08
    18    12   3.23819E-01   3.23819E-01   3.57317E-10   1.10345E-09
 *******************************
    19     1   1.00000E+00   1.00000E+00   0.00000E+00   0.00000E+00
    19     2   1.00000E+00   1.00000E+00   0.00000E+00   0.00000E+00
    19     3   1.00000E+00   1.00000E+00   0.00000E+00   0.00000E+00
    19     4   1.00000E+00   1.00000E+00   0.00000E+00   0.00000E+00
    19     5   1.00000E+00   1.00000E+00   0.00000E+00   0.00000E+00
    19     6   1.00000E+00   1.00000E+00   0.00000E+00   0.00000E+00
    19     7   1.00000E+00   1.00000E+00   0.00000E+00   0.00000E+00
    19     8   1.00000E+00   1.00000E+00   0.00000E+00   0.00000E+00
    19     9   1.00000E+00   1.00000E+00   0.00000E+00   0.00000E+00
    19    10   1.00000E+00   1.00000E+00   0.00000E+00   0.00000E+00
    19    11   1.00000E+00   1.00000E+00   0.00000E+00   0.00000E+00
    19    12   1.00000E+00   1.00000E+00   0.00000E+00   0.00000E+00
 *******************************
    20     1   1.00000E+00   1.00000E+00   0.00000E+00   0.00000E+00
    20     2   1.00000E+00   1.00000E+00   0.00000E+00   0.00000E+00
    20     3   1.00000E+00   1.00000E+00   0.00000E+00   0.00000E+00
    20     4   1.00000E+00   1.00000E+00   0.00000E+00   0.00000E+00
    20     5   1.00000E+00   1.00000E+00   0.00000E+00   0.00000E+00
    20     6   1.00000E+00   1.00000E+00   0.00000E+00   0.00000E+00
    20     7   1.00000E+00   1.00000E+00   0.00000E+00   0.00000E+00
    20     8   1.00000E+00   1.00000E+00   0.00000E+00   0.00000E+00
    20     9   1.00000E+00   1.00000E+00   0.00000E+00   0.00000E+00
    20    10   1.00000E+00   1.00000E+00   0.00000E+00   0.00000E+00
    20    11   1.00000E+00   1.00000E+00   0.00000E+00   0.00000E+00
    20    12   1.00000E+00   1.00000E+00   0.00000E+00   0.00000E+00
 *******************************
    21     1   1.00000E+00   1.00000E+00   0.00000E+00   0.00000E+00
    21     2   1.00000E+00   1.00000E+00   0.00000E+00   0.00000E+00
    21     3   1.00000E+00   1.00000E+00   0.00000E+00   0.00000E+00
    21     4   1.00000E+00   1.00000E+00   0.00000E+00   0.00000E+00
    21     5   1.00000E+00   1.00000E+00   0.00000E+00   0.00000E+00
    21     6   1.00000E+00   1.00000E+00   0.00000E+00   0.00000E+00
    21     7   1.00000E+00   1.00000E+00   0.00000E+00   0.00000E+00
    21     8   1.00000E+00   1.00000E+00   0.00000E+00   0.00000E+00
    21     9   1.00000E+00   1.00000E+00   0.00000E+00   0.00000E+00
    21    10   1.00000E+00   1.00000E+00   0.00000E+00   0.00000E+00
    21    11   1.00000E+00   1.00000E+00   0.00000E+00   0.00000E+00
    21    12   1.00000E+00   1.00000E+00   0.00000E+00   0.00000E+00
 *******************************
    22     1   1.00000E+00   1.00000E+00   0.00000E+00   0.00000E+00
    22     2   1.00000E+00   1.00000E+00   0.00000E+00   0.00000E+00
    22     3   1.00000E+00   1.00000E+00   0.00000E+00   0.00000E+00
    22     4   1.00000E+00   1.00000E+00   0.00000E+00   0.00000E+00
    22     5   1.00000E+00   1.00000E+00   0.00000E+00   0.00000E+00
    22     6   1.00000E+00   1.00000E+00   0.00000E+00   0.00000E+00
    22     7   1.00000E+00   1.00000E+00   0.00000E+00   0.00000E+00
    22     8   1.00000E+00   1.00000E+00   0.00000E+00   0.00000E+00
    22     9   1.00000E+00   1.00000E+00   0.00000E+00   0.00000E+00
    22    10   1.00000E+00   1.00000E+00   0.00000E+00   0.00000E+00
    22    11   1.00000E+00   1.00000E+00   0.00000E+00   0.00000E+00
    22    12   1.00000E+00   1.00000E+00   0.00000E+00   0.00000E+00
 *******************************
    23     1   1.00000E+00   1.00000E+00   0.00000E+00   0.00000E+00
    23     2   1.00000E+00   1.00000E+00   0.00000E+00   0.00000E+00
    23     3   1.00000E+00   1.00000E+00   0.00000E+00   0.00000E+00
    23     4   1.00000E+00   1.00000E+00   0.00000E+00   0.00000E+00
    23     5   1.00000E+00   1.00000E+00   0.00000E+00   0.00000E+00
    23     6   1.00000E+00   1.00000E+00   0.00000E+00   0.00000E+00
    23     7   1.00000E+00   1.00000E+00   0.00000E+00   0.00000E+00
    23     8   1.00000E+00   1.00000E+00   0.00000E+00   0.00000E+00
    23     9   1.00000E+00   1.00000E+00   0.00000E+00   0.00000E+00
    23    10   1.00000E+00   1.00000E+00   0.00000E+00   0.00000E+00
    23    11   1.00000E+00   1.00000E+00   0.00000E+00   0.00000E+00
    23    12   1.00000E+00   1.00000E+00   0.00000E+00   0.00000E+00
 *******************************
    24     1   1.00000E+00   1.00000E+00   0.00000E+00   0.00000E+00
    24     2   1.00000E+00   1.00000E+00   0.00000E+00   0.00000E+00
    24     3   1.00000E+00   1.00000E+00   0.00000E+00   0.00000E+00
    24     4   1.00000E+00   1.00000E+00   0.00000E+00   0.00000E+00
    24     5   1.00000E+00   1.00000E+00   0.00000E+00   0.00000E+00
    24     6   1.00000E+00   1.00000E+00   0.00000E+00   0.00000E+00
    24     7   1.00000E+00   1.00000E+00   0.00000E+00   0.00000E+00
    24     8   1.00000E+00   1.00000E+00   0.00000E+00   0.00000E+00
    24     9   1.00000E+00   1.00000E+00   0.00000E+00   0.00000E+00
    24    10   1.00000E+00   1.00000E+00   0.00000E+00   0.00000E+00
    24    11   1.00000E+00   1.00000E+00   0.00000E+00   0.00000E+00
    24    12   1.00000E+00   1.00000E+00   0.00000E+00   0.00000E+00
 *******************************
    25     1   1.00000E+00   1.00000E+00   0.00000E+00   0.00000E+00
    25     2   1.00000E+00   1.00000E+00   0.00000E+00   0.00000E+00
    25     3   1.00000E+00   1.00000E+00   0.00000E+00   0.00000E+00
    25     4   1.00000E+00   1.00000E+00   0.00000E+00   0.00000E+00
    25     5   1.00000E+00   1.00000E+00   0.00000E+00   0.00000E+00
    25     6   1.00000E+00   1.00000E+00   0.00000E+00   0.00000E+00
    25     7   1.00000E+00   1.00000E+00   0.00000E+00   0.00000E+00
    25     8   1.00000E+00   1.00000E+00   0.00000E+00   0.00000E+00
    25     9   1.00000E+00   1.00000E+00   0.00000E+00   0.00000E+00
    25    10   1.00000E+00   1.00000E+00   0.00000E+00   0.00000E+00
    25    11   1.00000E+00   1.00000E+00   0.00000E+00   0.00000E+00
    25    12   1.00000E+00   1.00000E+00   0.00000E+00   0.00000E+00
 *******************************
    26     1   1.00000E+00   1.00000E+00   0.00000E+00   0.00000E+00
    26     2   1.00000E+00   1.00000E+00   0.00000E+00   0.00000E+00
    26     3   1.00000E+00   1.00000E+00   0.00000E+00   0.00000E+00
    26     4   1.00000E+00   1.00000E+00   0.00000E+00   0.00000E+00
    26     5   1.00000E+00   1.00000E+00   0.00000E+00   0.00000E+00
    26     6   1.00000E+00   1.00000E+00   0.00000E+00   0.00000E+00
    26     7   1.00000E+00   1.00000E+00   0.00000E+00   0.00000E+00
    26     8   1.00000E+00   1.00000E+00   0.00000E+00   0.00000E+00
    26     9   1.00000E+00   1.00000E+00   0.00000E+00   0.00000E+00
    26    10   1.00000E+00   1.00000E+00   0.00000E+00   0.00000E+00
    26    11   1.00000E+00   1.00000E+00   0.00000E+00   0.00000E+00
    26    12   1.00000E+00   1.00000E+00   0.00000E+00   0.00000E+00
 *******************************
    27     1   1.00000E+00   1.00000E+00   0.00000E+00   0.00000E+00
    27     2   1.00000E+00   1.00000E+00   0.00000E+00   0.00000E+00
    27     3   1.00000E+00   1.00000E+00   0.00000E+00   0.00000E+00
    27     4   1.00000E+00   1.00000E+00   0.00000E+00   0.00000E+00
    27     5   1.00000E+00   1.00000E+00   0.00000E+00   0.00000E+00
    27     6   1.00000E+00   1.00000E+00   0.00000E+00   0.00000E+00
    27     7   1.00000E+00   1.00000E+00   0.00000E+00   0.00000E+00
    27     8   1.00000E+00   1.00000E+00   0.00000E+00   0.00000E+00
    27     9   1.00000E+00   1.00000E+00   0.00000E+00   0.00000E+00
    27    10   1.00000E+00   1.00000E+00   0.00000E+00   0.00000E+00
    27    11   1.00000E+00   1.00000E+00   0.00000E+00   0.00000E+00
    27    12   1.00000E+00   1.00000E+00   0.00000E+00   0.00000E+00
 *******************************
    28     1   1.00000E+00   1.00000E+00   0.00000E+00   0.00000E+00
    28     2   1.00000E+00   1.00000E+00   0.00000E+00   0.00000E+00
    28     3   1.00000E+00   1.00000E+00   0.00000E+00   0.00000E+00
    28     4   1.00000E+00   1.00000E+00   0.00000E+00   0.00000E+00
    28     5   1.00000E+00   1.00000E+00   0.00000E+00   0.00000E+00
    28     6   1.00000E+00   1.00000E+00   0.00000E+00   0.00000E+00
    28     7   1.00000E+00   1.00000E+00   0.00000E+00   0.00000E+00
    28     8   1.00000E+00   1.00000E+00   0.00000E+00   0.00000E+00
    28     9   1.00000E+00   1.00000E+00   0.00000E+00   0.00000E+00
    28    10   1.00000E+00   1.00000E+00   0.00000E+00   0.00000E+00
    28    11   1.00000E+00   1.00000E+00   0.00000E+00   0.00000E+00
    28    12   1.00000E+00   1.00000E+00   0.00000E+00   0.00000E+00
 *******************************
 -------------------------------
     1     1     1     1    29    29   1.60242E+00   1.60242E+00  -2.79743E-07  -1.74576E-07
     1     1     1     2    29    29   1.63407E+00   1.63407E+00  -2.43901E-09  -1.49259E-09
     1     1     1     3    29    29   1.62832E+00   1.62832E+00   6.58532E-08   4.04425E-08
     1     1     1     4    29    29   1.62240E+00   1.62240E+00  -6.58532E-08  -4.05900E-08
     1     1     1     5    29    29   1.61647E+00   1.61647E+00   2.43900E-09   1.50885E-09
     1     1     1     6    29    29   1.60795E+00   1.60795E+00   1.03609E-08   6.44354E-09
     1     1     1     7    29    29   1.59669E+00   1.59669E+00   2.79743E-07   1.75202E-07
     1     1     1     8    29    29   1.59094E+00   1.59094E+00  -1.03609E-08  -6.51240E-09
     1     1     1     9    29    29   1.55868E+00   1.55868E+00  -2.04866E-09  -1.31435E-09
     1     1     1    10    29    29   1.55353E+00   1.55353E+00   5.53138E-08   3.56053E-08
     1     1     1    11    29    29   1.54817E+00   1.54817E+00  -5.53138E-08  -3.57285E-08
     1     1     1    12    29    29   1.54277E+00   1.54277E+00   2.04866E-09   1.32791E-09
     1     1     2     1    30    30   4.81247E+01   4.81247E+01  -8.56078E-06  -1.77888E-07
     1     1     2     2    30    30   4.48460E+01   4.48460E+01  -7.46392E-08  -1.66434E-09
     1     1     2     3    30    30   5.09982E+01   5.09982E+01   2.01526E-06   3.95162E-08
     1     1     2     4    30    30   5.43119E+01   5.43119E+01  -2.01526E-06  -3.71053E-08
     1     1     2     5    30    30   5.62971E+01   5.62971E+01   7.46391E-08   1.32581E-09
     1     1     2     6    30    30   4.22632E+01   4.22632E+01   3.17066E-07   7.50218E-09
     1     1     2     7    30    30   5.14982E+01   5.14982E+01   8.56078E-06   1.66235E-07
     1     1     2     8    30    30   5.36031E+01   5.36031E+01  -3.17066E-07  -5.91506E-09
     1     1     2     9    30    30   3.82297E+01   3.82297E+01  -6.26936E-08  -1.63992E-09
     1     1     2    10    30    30   4.37691E+01   4.37691E+01   1.69273E-06   3.86741E-08
     1     1     2    11    30    30   4.71813E+01   4.71813E+01  -1.69273E-06  -3.58771E-08
     1     1     2    12    30    30   4.94248E+01   4.94248E+01   6.26937E-08   1.26847E-09
     1     2     1     1    31    31   6.32192E-02   6.32192E-02  -7.18676E-09  -1.13680E-07
     1     2     1     2    31    31   6.31801E-02   6.31801E-02  -3.80817E-11  -6.02748E-10
     1     2     1     3    31    31   6.32006E-02   6.32006E-02   1.41887E-09   2.24503E-08
     1     2     1     4    31    31   6.32207E-02   6.32207E-02  -2.46206E-10  -3.89439E-09
     1     2     1     5    31    31   6.32403E-02   6.32403E-02   2.35883E-11   3.72995E-10
     1     2     1     6    31    31   6.31991E-02   6.31991E-02   1.87651E-10   2.96921E-09
     1     2     1     7    31    31   6.32388E-02   6.32388E-02   6.28112E-10   9.93239E-09
     1     2     1     8    31    31   6.32579E-02   6.32579E-02  -1.01920E-10  -1.61119E-09
     1     2     1     9    31    31   6.32348E-02   6.32348E-02  -3.19930E-11  -5.05940E-10
     1     2     1    10    31    31   6.32541E-02   6.32541E-02   1.18681E-09   1.87626E-08
     1     2     1    11    31    31   6.32729E-02   6.32729E-02  -2.17205E-10  -3.43282E-09
     1     2     1    12    31    31   6.32913E-02   6.32913E-02   2.00080E-11   3.16125E-10
     2     4     1     1    33    32   2.21784E+02   2.21784E+02  -3.85357E-05  -1.73753E-07
     2     4     1     2    33    32   2.27313E+02   2.27313E+02  -3.35982E-07  -1.47806E-09
     2     4     1     3    33    32   2.25821E+02   2.25821E+02   9.07151E-06   4.01713E-08
     2     4     1     4    33    32   2.24318E+02   2.24318E+02  -9.07151E-06  -4.04404E-08
     2     4     1     5    33    32   2.22824E+02   2.22824E+02   3.35982E-07   1.50784E-09
     2     4     1     6    33    32   2.23233E+02   2.23233E+02   1.42725E-06   6.39353E-09
     2     4     1     7    33    32   2.20318E+02   2.20318E+02   3.85357E-05   1.74909E-07
     2     4     1     8    33    32   2.18861E+02   2.18861E+02  -1.42725E-06  -6.52124E-09
     2     4     1     9    33    32   2.15242E+02   2.15242E+02  -2.82210E-07  -1.31113E-09
     2     4     1    10    33    32   2.13871E+02   2.13871E+02   7.61968E-06   3.56274E-08
     2     4     1    11    33    32   2.12484E+02   2.12484E+02  -7.61968E-06  -3.58599E-08
     2     4     1    12    33    32   2.11102E+02   2.11102E+02   2.82210E-07   1.33684E-09
     2     4     2     1    34    33   1.78049E+06   1.78049E+06  -3.14063E-01  -1.76392E-07
     2     4     2     2    34    33   1.69009E+06   1.69009E+06  -2.73823E-03  -1.62017E-09
     2     4     2     3    34    33   1.91103E+06   1.91103E+06   7.39321E-02   3.86870E-08
     2     4     2     4    34    33   2.02387E+06   2.02387E+06  -7.39321E-02  -3.65301E-08
     2     4     2     5    34    33   2.08635E+06   2.08635E+06   2.73823E-03   1.31245E-09
     2     4     2     6    34    33   1.57246E+06   1.57246E+06   1.16320E-02   7.39732E-09
     2     4     2     7    34    33   1.89482E+06   1.89482E+06   3.14063E-01   1.65748E-07
     2     4     2     8    34    33   1.96161E+06   1.96161E+06  -1.16320E-02  -5.92981E-09
     2     4     2     9    34    33   1.39529E+06   1.39529E+06  -2.29999E-03  -1.64840E-09
     2     4     2    10    34    33   1.58869E+06   1.58869E+06   6.20998E-02   3.90886E-08
     2     4     2    11    34    33   1.70336E+06   1.70336E+06  -6.20998E-02  -3.64572E-08
     2     4     2    12    34    33   1.77496E+06   1.77496E+06   2.29999E-03   1.29580E-09
     2     5     1     1    35    34   2.43506E-03   2.43506E-03   4.26877E-10   1.75305E-07
     2     5     1     2    35    34   2.44929E-03   2.44929E-03   3.72005E-12   1.51883E-09
     2     5     1     3    35    34   2.44182E-03   2.44182E-03  -1.00474E-10  -4.11470E-08
     2     5     1     4    35    34   2.43452E-03   2.43452E-03   1.00377E-10   4.12305E-08
     2     5     1     5    35    34   2.42736E-03   2.42736E-03  -3.71885E-12  -1.53205E-09
     2     5     1     6    35    34   2.44236E-03   2.44236E-03  -1.58036E-11  -6.47060E-09
     2     5     1     7    35    34   2.42792E-03   2.42792E-03  -4.26334E-10  -1.75596E-07
     2     5     1     8    35    34   2.42093E-03   2.42093E-03   1.57968E-11   6.52511E-09
     2     5     1     9    35    34   2.42936E-03   2.42936E-03   3.12467E-12   1.28621E-09
     2     5     1    10    35    34   2.42233E-03   2.42233E-03  -8.43929E-11  -3.48396E-08
     2     5     1    11    35    34   2.41547E-03   2.41547E-03   8.43126E-11   3.49052E-08
     2     5     1    12    35    34   2.40876E-03   2.40876E-03  -3.12368E-12  -1.29680E-09
     3     7     1     1    37    35   7.69725E+01   7.69725E+01  -1.33987E-05  -1.74072E-07
     3     7     1     2    37    35   7.83292E+01   7.83292E+01  -1.16820E-07  -1.49140E-09
     3     7     1     3    37    35   7.81617E+01   7.81617E+01   3.15414E-06   4.03540E-08
     3     7     1     4    37    35   7.79851E+01   7.79851E+01  -3.15414E-06  -4.04454E-08
     3     7     1     5    37    35   7.78063E+01   7.78063E+01   1.16820E-07   1.50142E-09
     3     7     1     6    37    35   7.71311E+01   7.71311E+01   4.96249E-07   6.43385E-09
     3     7     1     7    37    35   7.68028E+01   7.68028E+01   1.33987E-05   1.74456E-07
     3     7     1     8    37    35   7.66308E+01   7.66308E+01  -4.96249E-07  -6.47584E-09
     3     7     1     9    37    35   7.49074E+01   7.49074E+01  -9.81237E-08  -1.30993E-09
     3     7     1    10    37    35   7.47621E+01   7.47621E+01   2.64934E-06   3.54369E-08
     3     7     1    11    37    35   7.46059E+01   7.46059E+01  -2.64934E-06  -3.55111E-08
     3     7     1    12    37    35   7.44461E+01   7.44461E+01   9.81236E-08   1.31805E-09
     3     7     2     1    38    36   8.43449E+02   8.43449E+02  -1.50027E-04  -1.77874E-07
     3     7     2     2    38    36   7.85920E+02   7.85920E+02  -1.30805E-06  -1.66435E-09
     3     7     2     3    38    36   8.93757E+02   8.93757E+02   3.53173E-05   3.95156E-08
     3     7     2     4    38    36   9.51850E+02   9.51850E+02  -3.53173E-05  -3.71039E-08
     3     7     2     5    38    36   9.86663E+02   9.86663E+02   1.30805E-06   1.32573E-09
     3     7     2     6    38    36   7.40703E+02   7.40703E+02   5.55657E-06   7.50175E-09
     3     7     2     7    38    36   9.02594E+02   9.02594E+02   1.50027E-04   1.66218E-07
     3     7     2     8    38    36   9.39506E+02   9.39506E+02  -5.55657E-06  -5.91436E-09
     3     7     2     9    38    36   6.70069E+02   6.70069E+02  -1.09870E-06  -1.63969E-09
     3     7     2    10    38    36   7.67174E+02   7.67174E+02   2.96650E-05   3.86679E-08
     3     7     2    11    38    36   8.26998E+02   8.26998E+02  -2.96650E-05  -3.58707E-08
     3     7     2    12    38    36   8.66339E+02   8.66339E+02   1.09870E-06   1.26821E-09
     3     8     1     1    39    37   1.11419E-02   1.11419E-02  -1.99963E-09  -1.79469E-07
     3     8     1     2    39    37   1.11081E-02   1.11081E-02  -1.70397E-11  -1.53398E-09
     3     8     1     3    39    37   1.11259E-02   1.11259E-02   4.67052E-10   4.19789E-08
     3     8     1     4    39    37   1.11432E-02   1.11432E-02  -4.46111E-10  -4.00344E-08
     3     8     1     5    39    37   1.11602E-02   1.11602E-02   1.67811E-11   1.50366E-09
     3     8     1     6    39    37   1.11246E-02   1.11246E-02   7.26134E-11   6.52729E-09
     3     8     1     7    39    37   1.11588E-02   1.11588E-02   1.88243E-09   1.68694E-07
     3     8     1     8    39    37   1.11754E-02   1.11754E-02  -7.11664E-11  -6.36811E-09
     3     8     1     9    39    37   1.11554E-02   1.11554E-02  -1.43136E-11  -1.28311E-09
     3     8     1    10    39    37   1.11721E-02   1.11721E-02   3.92239E-10   3.51087E-08
     3     8     1    11    39    37   1.11884E-02   1.11884E-02  -3.74925E-10  -3.35101E-08
     3     8     1    12    39    37   1.12043E-02   1.12043E-02   1.40999E-11   1.25843E-09
     4    10     1     1    41    38   1.75010E+02   1.75009E+02  -3.05121E-05  -1.74345E-07
     4    10     1     2    41    38   1.78718E+02   1.78718E+02  -2.66027E-07  -1.48853E-09
     4    10     1     3    41    38   1.77889E+02   1.77889E+02   7.18272E-06   4.03776E-08
     4    10     1     4    41    38   1.77045E+02   1.77045E+02  -7.18272E-06  -4.05699E-08
     4    10     1     5    41    38   1.76204E+02   1.76204E+02   2.66027E-07   1.50977E-09
     4    10     1     6    41    38   1.75809E+02   1.75809E+02   1.13008E-06   6.42785E-09
     4    10     1     7    41    38   1.74191E+02   1.74191E+02   3.05121E-05   1.75165E-07
     4    10     1     8    41    38   1.73374E+02   1.73374E+02  -1.13008E-06  -6.51816E-09
     4    10     1     9    41    38   1.70233E+02   1.70233E+02  -2.23451E-07  -1.31262E-09
     4    10     1    10    41    38   1.69482E+02   1.69482E+02   6.03317E-06   3.55977E-08
     4    10     1    11    41    38   1.68713E+02   1.68713E+02  -6.03317E-06  -3.57599E-08
     4    10     1    12    41    38   1.67942E+02   1.67942E+02   2.23451E-07   1.33052E-09
     4    10     2     1    42    39   5.39384E+04   5.39384E+04  -9.48122E-03  -1.75779E-07
     4    10     2     2    42    39   5.06684E+04   5.06684E+04  -8.26642E-05  -1.63147E-09
     4    10     2     3    42    39   5.73813E+04   5.73813E+04   2.23193E-03   3.88966E-08
     4    10     2     4    42    39   6.08615E+04   6.08615E+04  -2.23193E-03  -3.66723E-08
     4    10     2     5    42    39   6.28330E+04   6.28330E+04   8.26642E-05   1.31562E-09
     4    10     2     6    42    39   4.75715E+04   4.75715E+04   3.51156E-04   7.38165E-09
     4    10     2     7    42    39   5.74784E+04   5.74784E+04   9.48122E-03   1.64953E-07
     4    10     2     8    42    39   5.95813E+04   5.95813E+04  -3.51156E-04  -5.89374E-09
     4    10     2     9    42    39   4.26267E+04   4.26267E+04  -6.94343E-05  -1.62889E-09
     4    10     2    10    42    39   4.85914E+04   4.85914E+04   1.87473E-03   3.85815E-08
     4    10     2    11    42    39   5.21575E+04   5.21575E+04  -1.87473E-03  -3.59436E-08
     4    10     2    12    42    39   5.44097E+04   5.44097E+04   6.94343E-05   1.27614E-09
     4    11     1     1    43    40   7.00260E-14   7.00260E-14  -1.28231E-20  -1.28231E-20
     4    11     1     2    43    40   6.26886E-14   6.26886E-14  -1.11802E-22  -1.11802E-22
     4    11     1     3    43    40   6.63172E-14   6.63172E-14   3.01864E-21   3.01864E-21
     4    11     1     4    43    40   6.98619E-14   6.98619E-14  -3.01864E-21  -3.01864E-21
     4    11     1     5    43    40   7.33379E-14   7.33379E-14   1.11802E-22   1.11802E-22
     4    11     1     6    43    40   6.64557E-14   6.64557E-14   4.74931E-22   4.74931E-22
     4    11     1     7    43    40   7.35107E-14   7.35107E-14   1.28231E-20   1.28231E-20
     4    11     1     8    43    40   7.69262E-14   7.69262E-14  -4.74931E-22  -4.74931E-22
     4    11     1     9    43    40   7.36156E-14   7.36156E-14  -9.39084E-23  -9.39084E-23
     4    11     1    10    43    40   7.70897E-14   7.70897E-14   2.53553E-21   2.53553E-21
     4    11     1    11    43    40   8.04728E-14   8.04728E-14  -2.53553E-21  -2.53553E-21
     4    11     1    12    43    40   8.37857E-14   8.37857E-14   9.39084E-23   9.39084E-23
