     1     1   3.04589E-01   3.04589E-01  -5.36610E-08  -1.76175E-07
     1     2   3.10632E-01   3.10632E-01  -4.67855E-10  -1.50614E-09
     1     3   3.10714E-01   3.10714E-01   1.26321E-08   4.06551E-08
     1     4   3.10786E-01   3.10786E-01  -1.26321E-08  -4.06455E-08
     1     5   3.10856E-01   3.10856E-01   4.67855E-10   1.50506E-09
     1     6   3.04503E-01   3.04503E-01   1.98744E-09   6.52685E-09
     1     7   3.04663E-01   3.04663E-01   5.36609E-08   1.76132E-07
     1     8   3.04735E-01   3.04735E-01  -1.98744E-09  -6.52187E-09
     1     9   2.94060E-01   2.94060E-01  -3.92978E-10  -1.33639E-09
     1    10   2.94150E-01   2.94150E-01   1.06104E-08   3.60714E-08
     1    11   2.94229E-01   2.94229E-01  -1.06104E-08  -3.60617E-08
     1    12   2.94304E-01   2.94304E-01   3.92978E-10   1.33528E-09
 *******************************
     2     1   1.15223E+00   1.15223E+00   1.98217E-07   1.72029E-07
     2     2   1.25800E+00   1.25800E+00   1.72820E-09   1.37376E-09
     2     3   1.23392E+00   1.23392E+00  -4.66614E-08  -3.78156E-08
     2     4   1.21452E+00   1.21452E+00   4.66614E-08   3.84197E-08
     2     5   1.19841E+00   1.19841E+00  -1.72820E-09  -1.44208E-09
     2     6   1.16993E+00   1.16993E+00  -7.34137E-09  -6.27505E-09
     2     7   1.13770E+00   1.13770E+00  -1.98217E-07  -1.74227E-07
     2     8   1.12539E+00   1.12539E+00   7.34137E-09   6.52340E-09
     2     9   1.03983E+00   1.03983E+00   1.45161E-09   1.39601E-09
     2    10   1.02928E+00   1.02928E+00  -3.91935E-08  -3.80785E-08
     2    11   1.02040E+00   1.02040E+00   3.91935E-08   3.84101E-08
     2    12   1.01277E+00   1.01277E+00  -1.45161E-09  -1.43331E-09
 *******************************
     3     1   2.71867E-03   2.71867E-03  -4.86922E-10  -1.79103E-07
     3     2   2.66925E-03   2.66925E-03  -4.24535E-12  -1.59046E-09
     3     3   2.78030E-03   2.78030E-03   1.14624E-10   4.12274E-08
     3     4   2.88999E-03   2.88999E-03  -1.14624E-10  -3.96625E-08
     3     5   2.99856E-03   2.99856E-03   4.24534E-12   1.41579E-09
     3     6   2.61214E-03   2.61214E-03   1.80342E-11   6.90397E-09
     3     7   2.82384E-03   2.82384E-03   4.86922E-10   1.72433E-07
     3     8   2.92794E-03   2.92794E-03  -1.80342E-11  -6.15934E-09
     3     9   2.51357E-03   2.51357E-03  -3.56591E-12  -1.41866E-09
     3    10   2.61211E-03   2.61211E-03   9.62794E-11   3.68588E-08
     3    11   2.70941E-03   2.70941E-03  -9.62794E-11  -3.55352E-08
     3    12   2.80570E-03   2.80570E-03   3.56590E-12   1.27095E-09
 *******************************
     4     1   3.30427E-02   3.30427E-02  -6.48989E-09  -1.96409E-07
     4     2   2.41769E-02   2.41769E-02  -5.65836E-11  -2.34040E-09
     4     3   3.52014E-02   3.52014E-02   1.52776E-09   4.34005E-08
     4     4   4.49855E-02   4.49855E-02  -1.52776E-09  -3.39611E-08
     4     5   5.38720E-02   5.38720E-02   5.65836E-11   1.05033E-09
     4     6   2.30090E-02   2.30090E-02   2.40366E-10   1.04466E-08
     4     7   4.20556E-02   4.20556E-02   6.48989E-09   1.54317E-07
     4     8   5.03037E-02   5.03037E-02  -2.40366E-10  -4.77831E-09
     4     9   2.13423E-02   2.13423E-02  -4.75278E-11  -2.22693E-09
     4    10   3.00066E-02   3.00066E-02   1.28325E-09   4.27656E-08
     4    11   3.78978E-02   3.78978E-02  -1.28325E-09  -3.38608E-08
     4    12   4.51815E-02   4.51815E-02   4.75278E-11   1.05193E-09
 *******************************
     5     1   0.00000E+00   0.00000E+00   0.00000E+00   0.00000E+00
     5     2   0.00000E+00   0.00000E+00   0.00000E+00   0.00000E+00
     5     3   0.00000E+00   0.00000E+00   0.00000E+00   0.00000E+00
     5     4   0.00000E+00   0.00000E+00   0.00000E+00   0.00000E+00
     5     5   0.00000E+00   0.00000E+00   0.00000E+00   0.00000E+00
     5     6   0.00000E+00   0.00000E+00   0.00000E+00   0.00000E+00
     5     7   0.00000E+00   0.00000E+00   0.00000E+00   0.00000E+00
     5     8   0.00000E+00   0.00000E+00   0.00000E+00   0.00000E+00
     5     9   0.00000E+00   0.00000E+00   0.00000E+00   0.00000E+00
     5    10   0.00000E+00   0.00000E+00   0.00000E+00   0.00000E+00
     5    11   0.00000E+00   0.00000E+00   0.00000E+00   0.00000E+00
     5    12   0.00000E+00   0.00000E+00   0.00000E+00   0.00000E+00
 *******************************
     6     1   0.00000E+00   0.00000E+00   0.00000E+00   0.00000E+00
     6     2   0.00000E+00   0.00000E+00   0.00000E+00   0.00000E+00
     6     3   0.00000E+00   0.00000E+00   0.00000E+00   0.00000E+00
     6     4   0.00000E+00   0.00000E+00   0.00000E+00   0.00000E+00
     6     5   0.00000E+00   0.00000E+00   0.00000E+00   0.00000E+00
     6     6   0.00000E+00   0.00000E+00   0.00000E+00   0.00000E+00
     6     7   0.00000E+00   0.00000E+00   0.00000E+00   0.00000E+00
     6     8   0.00000E+00   0.00000E+00   0.00000E+00   0.00000E+00
     6     9   0.00000E+00   0.00000E+00   0.00000E+00   0.00000E+00
     6    10   0.00000E+00   0.00000E+00   0.00000E+00   0.00000E+00
     6    11   0.00000E+00   0.00000E+00   0.00000E+00   0.00000E+00
     6    12   0.00000E+00   0.00000E+00   0.00000E+00   0.00000E+00
 *******************************
     7     1   0.00000E+00   0.00000E+00   0.00000E+00   0.00000E+00
     7     2   0.00000E+00   0.00000E+00   0.00000E+00   0.00000E+00
     7     3   0.00000E+00   0.00000E+00   0.00000E+00   0.00000E+00
     7     4   0.00000E+00   0.00000E+00   0.00000E+00   0.00000E+00
     7     5   0.00000E+00   0.00000E+00   0.00000E+00   0.00000E+00
     7     6   0.00000E+00   0.00000E+00   0.00000E+00   0.00000E+00
     7     7   0.00000E+00   0.00000E+00   0.00000E+00   0.00000E+00
     7     8   0.00000E+00   0.00000E+00   0.00000E+00   0.00000E+00
     7     9   0.00000E+00   0.00000E+00   0.00000E+00   0.00000E+00
     7    10   0.00000E+00   0.00000E+00   0.00000E+00   0.00000E+00
     7    11   0.00000E+00   0.00000E+00   0.00000E+00   0.00000E+00
     7    12   0.00000E+00   0.00000E+00   0.00000E+00   0.00000E+00
 *******************************
     8     1   0.00000E+00   0.00000E+00   0.00000E+00   0.00000E+00
     8     2   0.00000E+00   0.00000E+00   0.00000E+00   0.00000E+00
     8     3   0.00000E+00   0.00000E+00   0.00000E+00   0.00000E+00
     8     4   0.00000E+00   0.00000E+00   0.00000E+00   0.00000E+00
     8     5   0.00000E+00   0.00000E+00   0.00000E+00   0.00000E+00
     8     6   0.00000E+00   0.00000E+00   0.00000E+00   0.00000E+00
     8     7   0.00000E+00   0.00000E+00   0.00000E+00   0.00000E+00
     8     8   0.00000E+00   0.00000E+00   0.00000E+00   0.00000E+00
     8     9   0.00000E+00   0.00000E+00   0.00000E+00   0.00000E+00
     8    10   0.00000E+00   0.00000E+00   0.00000E+00   0.00000E+00
     8    11   0.00000E+00   0.00000E+00   0.00000E+00   0.00000E+00
     8    12   0.00000E+00   0.00000E+00   0.00000E+00   0.00000E+00
 *******************************
     9     1   0.00000E+00   0.00000E+00   0.00000E+00   0.00000E+00
     9     2   0.00000E+00   0.00000E+00   0.00000E+00   0.00000E+00
     9     3   0.00000E+00   0.00000E+00   0.00000E+00   0.00000E+00
     9     4   0.00000E+00   0.00000E+00   0.00000E+00   0.00000E+00
     9     5   0.00000E+00   0.00000E+00   0.00000E+00   0.00000E+00
     9     6   0.00000E+00   0.00000E+00   0.00000E+00   0.00000E+00
     9     7   0.00000E+00   0.00000E+00   0.00000E+00   0.00000E+00
     9     8   0.00000E+00   0.00000E+00   0.00000E+00   0.00000E+00
     9     9   0.00000E+00   0.00000E+00   0.00000E+00   0.00000E+00
     9    10   0.00000E+00   0.00000E+00   0.00000E+00   0.00000E+00
     9    11   0.00000E+00   0.00000E+00   0.00000E+00   0.00000E+00
     9    12   0.00000E+00   0.00000E+00   0.00000E+00   0.00000E+00
 *******************************
    10     1   0.00000E+00   0.00000E+00   0.00000E+00   0.00000E+00
    10     2   0.00000E+00   0.00000E+00   0.00000E+00   0.00000E+00
    10     3   0.00000E+00   0.00000E+00   0.00000E+00   0.00000E+00
    10     4   0.00000E+00   0.00000E+00   0.00000E+00   0.00000E+00
    10     5   0.00000E+00   0.00000E+00   0.00000E+00   0.00000E+00
    10     6   0.00000E+00   0.00000E+00   0.00000E+00   0.00000E+00
    10     7   0.00000E+00   0.00000E+00   0.00000E+00   0.00000E+00
    10     8   0.00000E+00   0.00000E+00   0.00000E+00   0.00000E+00
    10     9   0.00000E+00   0.00000E+00   0.00000E+00   0.00000E+00
    10    10   0.00000E+00   0.00000E+00   0.00000E+00   0.00000E+00
    10    11   0.00000E+00   0.00000E+00   0.00000E+00   0.00000E+00
    10    12   0.00000E+00   0.00000E+00   0.00000E+00   0.00000E+00
 *******************************
    11     1   0.00000E+00   0.00000E+00   0.00000E+00   0.00000E+00
    11     2   0.00000E+00   0.00000E+00   0.00000E+00   0.00000E+00
    11     3   0.00000E+00   0.00000E+00   0.00000E+00   0.00000E+00
    11     4   0.00000E+00   0.00000E+00   0.00000E+00   0.00000E+00
    11     5   0.00000E+00   0.00000E+00   0.00000E+00   0.00000E+00
    11     6   0.00000E+00   0.00000E+00   0.00000E+00   0.00000E+00
    11     7   0.00000E+00   0.00000E+00   0.00000E+00   0.00000E+00
    11     8   0.00000E+00   0.00000E+00   0.00000E+00   0.00000E+00
    11     9   0.00000E+00   0.00000E+00   0.00000E+00   0.00000E+00
    11    10   0.00000E+00   0.00000E+00   0.00000E+00   0.00000E+00
    11    11   0.00000E+00   0.00000E+00   0.00000E+00   0.00000E+00
    11    12   0.00000E+00   0.00000E+00   0.00000E+00   0.00000E+00
 *******************************
    12     1   0.00000E+00   0.00000E+00   0.00000E+00   0.00000E+00
    12     2   0.00000E+00   0.00000E+00   0.00000E+00   0.00000E+00
    12     3   0.00000E+00   0.00000E+00   0.00000E+00   0.00000E+00
    12     4   0.00000E+00   0.00000E+00   0.00000E+00   0.00000E+00
    12     5   0.00000E+00   0.00000E+00   0.00000E+00   0.00000E+00
    12     6   0.00000E+00   0.00000E+00   0.00000E+00   0.00000E+00
    12     7   0.00000E+00   0.00000E+00   0.00000E+00   0.00000E+00
    12     8   0.00000E+00   0.00000E+00   0.00000E+00   0.00000E+00
    12     9   0.00000E+00   0.00000E+00   0.00000E+00   0.00000E+00
    12    10   0.00000E+00   0.00000E+00   0.00000E+00   0.00000E+00
    12    11   0.00000E+00   0.00000E+00   0.00000E+00   0.00000E+00
    12    12   0.00000E+00   0.00000E+00   0.00000E+00   0.00000E+00
 *******************************
    13     1   4.06620E-01   4.06620E-01  -7.17666E-08  -1.76495E-07
    13     2   4.15201E-01   4.15201E-01  -6.25713E-10  -1.50701E-09
    13     3   4.15342E-01   4.15342E-01   1.68943E-08   4.06755E-08
    13     4   4.15462E-01   4.15462E-01  -1.68943E-08  -4.06638E-08
    13     5   4.15574E-01   4.15574E-01   6.25713E-10   1.50566E-09
    13     6   4.06467E-01   4.06467E-01   2.65802E-09   6.53933E-09
    13     7   4.06747E-01   4.06747E-01   7.17666E-08   1.76440E-07
    13     8   4.06866E-01   4.06866E-01  -2.65802E-09  -6.53292E-09
    13     9   3.91662E-01   3.91662E-01  -5.25572E-10  -1.34190E-09
    13    10   3.91826E-01   3.91826E-01   1.41904E-08   3.62162E-08
    13    11   3.91965E-01   3.91965E-01  -1.41904E-08  -3.62034E-08
    13    12   3.92092E-01   3.92092E-01   5.25572E-10   1.34043E-09
 *******************************
    14     1   1.77851E-02   1.77851E-02   3.09534E-09   1.74041E-07
    14     2   1.86522E-02   1.86522E-02   2.69874E-11   1.44688E-09
    14     3   1.85452E-02   1.85452E-02  -7.28661E-10  -3.92912E-08
    14     4   1.84442E-02   1.84442E-02   7.28661E-10   3.95063E-08
    14     5   1.83464E-02   1.83464E-02  -2.69874E-11  -1.47099E-09
    14     6   1.78912E-02   1.78912E-02  -1.14642E-10  -6.40776E-09
    14     7   1.76868E-02   1.76868E-02  -3.09534E-09  -1.75008E-07
    14     8   1.75925E-02   1.75925E-02   1.14642E-10   6.51656E-09
    14     9   1.65512E-02   1.65512E-02   2.26683E-11   1.36958E-09
    14    10   1.64506E-02   1.64506E-02  -6.12044E-10  -3.72050E-08
    14    11   1.63586E-02   1.63586E-02   6.12044E-10   3.74141E-08
    14    12   1.62712E-02   1.62712E-02  -2.26683E-11  -1.39316E-09
 *******************************
    15     1   9.19085E-04   9.19085E-04  -1.79640E-10  -1.95455E-07
    15     2   6.45774E-04   6.45774E-04  -1.56623E-12  -2.42535E-09
    15     3   8.95519E-04   8.95519E-04   4.22882E-11   4.72220E-08
    15     4   1.12116E-03   1.12116E-03  -4.22882E-11  -3.77184E-08
    15     5   1.32762E-03   1.32762E-03   1.56623E-12   1.17973E-09
    15     6   6.80226E-04   6.80226E-04   6.65333E-12   9.78106E-09
    15     7   1.13665E-03   1.13665E-03   1.79640E-10   1.58044E-07
    15     8   1.33794E-03   1.33794E-03  -6.65332E-12  -4.97281E-09
    15     9   7.18428E-04   7.18428E-04  -1.31557E-12  -1.83117E-09
    15    10   9.38114E-04   9.38114E-04   3.55203E-11   3.78635E-08
    15    11   1.14108E-03   1.14108E-03  -3.55203E-11  -3.11287E-08
    15    12   1.32943E-03   1.32943E-03   1.31557E-12   9.89573E-10
 *******************************
    16     1   1.27196E+00   1.27196E+00   2.19223E-07   1.72350E-07
    16     2   1.40509E+00   1.40509E+00   1.91135E-09   1.36030E-09
    16     3   1.37082E+00   1.37082E+00  -5.16063E-08  -3.76463E-08
    16     4   1.34201E+00   1.34201E+00   5.16063E-08   3.84545E-08
    16     5   1.31712E+00   1.31712E+00  -1.91135E-09  -1.45115E-09
    16     6   1.29931E+00   1.29931E+00  -8.11937E-09  -6.24900E-09
    16     7   1.24853E+00   1.24853E+00  -2.19223E-07  -1.75585E-07
    16     8   1.22794E+00   1.22794E+00   8.11937E-09   6.61221E-09
    16     9   1.14554E+00   1.14554E+00   1.60545E-09   1.40148E-09
    16    10   1.12628E+00   1.12628E+00  -4.33471E-08  -3.84868E-08
    16    11   1.10936E+00   1.10936E+00   4.33471E-08   3.90741E-08
    16    12   1.09428E+00   1.09428E+00  -1.60545E-09  -1.46713E-09
 *******************************
    17     1   1.14528E+00   1.14528E+00   2.02022E-07   1.76396E-07
    17     2   1.14791E+00   1.14791E+00   1.76137E-09   1.53442E-09
    17     3   1.14775E+00   1.14775E+00  -4.75571E-08  -4.14351E-08
    17     4   1.14780E+00   1.14780E+00   4.75571E-08   4.14332E-08
    17     5   1.14793E+00   1.14793E+00  -1.76137E-09  -1.53439E-09
    17     6   1.14558E+00   1.14558E+00  -7.48230E-09  -6.53148E-09
    17     7   1.14525E+00   1.14525E+00  -2.02022E-07  -1.76400E-07
    17     8   1.14533E+00   1.14533E+00   7.48230E-09   6.53290E-09
    17     9   1.13896E+00   1.13896E+00   1.47948E-09   1.29897E-09
    17    10   1.13853E+00   1.13853E+00  -3.99459E-08  -3.50855E-08
    17    11   1.13841E+00   1.13841E+00   3.99459E-08   3.50891E-08
    17    12   1.13844E+00   1.13844E+00  -1.47948E-09  -1.29957E-09
 *******************************
    18     1   3.12528E-01   3.12528E-01  -5.83228E-08  -1.86616E-07
    18     2   2.56859E-01   2.56859E-01  -5.08500E-10  -1.97968E-09
    18     3   3.23807E-01   3.23807E-01   1.37295E-08   4.24002E-08
    18     4   3.75650E-01   3.75650E-01  -1.37295E-08  -3.65487E-08
    18     5   4.17995E-01   4.17995E-01   5.08500E-10   1.21652E-09
    18     6   2.50523E-01   2.50523E-01   2.16010E-09   8.62238E-09
    18     7   3.61410E-01   3.61410E-01   5.83228E-08   1.61375E-07
    18     8   4.01722E-01   4.01722E-01  -2.16010E-09  -5.37711E-09
    18     9   2.39371E-01   2.39371E-01  -4.27118E-10  -1.78433E-09
    18    10   2.94238E-01   2.94238E-01   1.15322E-08   3.91934E-08
    18    11   3.38428E-01   3.38428E-01  -1.15322E-08  -3.40758E-08
    18    12   3.75366E-01   3.75366E-01   4.27118E-10   1.13787E-09
 *******************************
    19     1   1.00000E+00   1.00000E+00   0.00000E+00   0.00000E+00
    19     2   1.00000E+00   1.00000E+00   0.00000E+00   0.00000E+00
    19     3   1.00000E+00   1.00000E+00   0.00000E+00   0.00000E+00
    19     4   1.00000E+00   1.00000E+00   0.00000E+00   0.00000E+00
    19     5   1.00000E+00   1.00000E+00   0.00000E+00   0.00000E+00
    19     6   1.00000E+00   1.00000E+00   0.00000E+00   0.00000E+00
    19     7   1.00000E+00   1.00000E+00   0.00000E+00   0.00000E+00
    19     8   1.00000E+00   1.00000E+00   0.00000E+00   0.00000E+00
    19     9   1.00000E+00   1.00000E+00   0.00000E+00   0.00000E+00
    19    10   1.00000E+00   1.00000E+00   0.00000E+00   0.00000E+00
    19    11   1.00000E+00   1.00000E+00   0.00000E+00   0.00000E+00
    19    12   1.00000E+00   1.00000E+00   0.00000E+00   0.00000E+00
 *******************************
    20     1   1.00000E+00   1.00000E+00   0.00000E+00   0.00000E+00
    20     2   1.00000E+00   1.00000E+00   0.00000E+00   0.00000E+00
    20     3   1.00000E+00   1.00000E+00   0.00000E+00   0.00000E+00
    20     4   1.00000E+00   1.00000E+00   0.00000E+00   0.00000E+00
    20     5   1.00000E+00   1.00000E+00   0.00000E+00   0.00000E+00
    20     6   1.00000E+00   1.00000E+00   0.00000E+00   0.00000E+00
    20     7   1.00000E+00   1.00000E+00   0.00000E+00   0.00000E+00
    20     8   1.00000E+00   1.00000E+00   0.00000E+00   0.00000E+00
    20     9   1.00000E+00   1.00000E+00   0.00000E+00   0.00000E+00
    20    10   1.00000E+00   1.00000E+00   0.00000E+00   0.00000E+00
    20    11   1.00000E+00   1.00000E+00   0.00000E+00   0.00000E+00
    20    12   1.00000E+00   1.00000E+00   0.00000E+00   0.00000E+00
 *******************************
    21     1   1.14528E+00   1.14528E+00   2.02022E-07   1.76396E-07
    21     2   1.14791E+00   1.14791E+00   1.76137E-09   1.53442E-09
    21     3   1.14775E+00   1.14775E+00  -4.75571E-08  -4.14351E-08
    21     4   1.14780E+00   1.14780E+00   4.75571E-08   4.14332E-08
    21     5   1.14793E+00   1.14793E+00  -1.76137E-09  -1.53439E-09
    21     6   1.14558E+00   1.14558E+00  -7.48230E-09  -6.53148E-09
    21     7   1.14525E+00   1.14525E+00  -2.02022E-07  -1.76400E-07
    21     8   1.14533E+00   1.14533E+00   7.48230E-09   6.53290E-09
    21     9   1.13896E+00   1.13896E+00   1.47948E-09   1.29897E-09
    21    10   1.13853E+00   1.13853E+00  -3.99459E-08  -3.50855E-08
    21    11   1.13841E+00   1.13841E+00   3.99459E-08   3.50891E-08
    21    12   1.13844E+00   1.13844E+00  -1.47948E-09  -1.29957E-09
 *******************************
    22     1   3.12528E-01   3.12528E-01  -5.83228E-08  -1.86616E-07
    22     2   2.56859E-01   2.56859E-01  -5.08500E-10  -1.97968E-09
    22     3   3.23807E-01   3.23807E-01   1.37295E-08   4.24002E-08
    22     4   3.75650E-01   3.75650E-01  -1.37295E-08  -3.65487E-08
    22     5   4.17995E-01   4.17995E-01   5.08500E-10   1.21652E-09
    22     6   2.50523E-01   2.50523E-01   2.16010E-09   8.62238E-09
    22     7   3.61410E-01   3.61410E-01   5.83228E-08   1.61375E-07
    22     8   4.01722E-01   4.01722E-01  -2.16010E-09  -5.37711E-09
    22     9   2.39371E-01   2.39371E-01  -4.27118E-10  -1.78433E-09
    22    10   2.94238E-01   2.94238E-01   1.15322E-08   3.91934E-08
    22    11   3.38428E-01   3.38428E-01  -1.15322E-08  -3.40758E-08
    22    12   3.75366E-01   3.75366E-01   4.27118E-10   1.13787E-09
 *******************************
    23     1   1.00000E+00   1.00000E+00   0.00000E+00   0.00000E+00
    23     2   1.00000E+00   1.00000E+00   0.00000E+00   0.00000E+00
    23     3   1.00000E+00   1.00000E+00   0.00000E+00   0.00000E+00
    23     4   1.00000E+00   1.00000E+00   0.00000E+00   0.00000E+00
    23     5   1.00000E+00   1.00000E+00   0.00000E+00   0.00000E+00
    23     6   1.00000E+00   1.00000E+00   0.00000E+00   0.00000E+00
    23     7   1.00000E+00   1.00000E+00   0.00000E+00   0.00000E+00
    23     8   1.00000E+00   1.00000E+00   0.00000E+00   0.00000E+00
    23     9   1.00000E+00   1.00000E+00   0.00000E+00   0.00000E+00
    23    10   1.00000E+00   1.00000E+00   0.00000E+00   0.00000E+00
    23    11   1.00000E+00   1.00000E+00   0.00000E+00   0.00000E+00
    23    12   1.00000E+00   1.00000E+00   0.00000E+00   0.00000E+00
 *******************************
    24     1   1.00000E+00   1.00000E+00   0.00000E+00   0.00000E+00
    24     2   1.00000E+00   1.00000E+00   0.00000E+00   0.00000E+00
    24     3   1.00000E+00   1.00000E+00   0.00000E+00   0.00000E+00
    24     4   1.00000E+00   1.00000E+00   0.00000E+00   0.00000E+00
    24     5   1.00000E+00   1.00000E+00   0.00000E+00   0.00000E+00
    24     6   1.00000E+00   1.00000E+00   0.00000E+00   0.00000E+00
    24     7   1.00000E+00   1.00000E+00   0.00000E+00   0.00000E+00
    24     8   1.00000E+00   1.00000E+00   0.00000E+00   0.00000E+00
    24     9   1.00000E+00   1.00000E+00   0.00000E+00   0.00000E+00
    24    10   1.00000E+00   1.00000E+00   0.00000E+00   0.00000E+00
    24    11   1.00000E+00   1.00000E+00   0.00000E+00   0.00000E+00
    24    12   1.00000E+00   1.00000E+00   0.00000E+00   0.00000E+00
 *******************************
    25     1   1.00000E+00   1.00000E+00   0.00000E+00   0.00000E+00
    25     2   1.00000E+00   1.00000E+00   0.00000E+00   0.00000E+00
    25     3   1.00000E+00   1.00000E+00   0.00000E+00   0.00000E+00
    25     4   1.00000E+00   1.00000E+00   0.00000E+00   0.00000E+00
    25     5   1.00000E+00   1.00000E+00   0.00000E+00   0.00000E+00
    25     6   1.00000E+00   1.00000E+00   0.00000E+00   0.00000E+00
    25     7   1.00000E+00   1.00000E+00   0.00000E+00   0.00000E+00
    25     8   1.00000E+00   1.00000E+00   0.00000E+00   0.00000E+00
    25     9   1.00000E+00   1.00000E+00   0.00000E+00   0.00000E+00
    25    10   1.00000E+00   1.00000E+00   0.00000E+00   0.00000E+00
    25    11   1.00000E+00   1.00000E+00   0.00000E+00   0.00000E+00
    25    12   1.00000E+00   1.00000E+00   0.00000E+00   0.00000E+00
 *******************************
    26     1   1.00000E+00   1.00000E+00   0.00000E+00   0.00000E+00
    26     2   1.00000E+00   1.00000E+00   0.00000E+00   0.00000E+00
    26     3   1.00000E+00   1.00000E+00   0.00000E+00   0.00000E+00
    26     4   1.00000E+00   1.00000E+00   0.00000E+00   0.00000E+00
    26     5   1.00000E+00   1.00000E+00   0.00000E+00   0.00000E+00
    26     6   1.00000E+00   1.00000E+00   0.00000E+00   0.00000E+00
    26     7   1.00000E+00   1.00000E+00   0.00000E+00   0.00000E+00
    26     8   1.00000E+00   1.00000E+00   0.00000E+00   0.00000E+00
    26     9   1.00000E+00   1.00000E+00   0.00000E+00   0.00000E+00
    26    10   1.00000E+00   1.00000E+00   0.00000E+00   0.00000E+00
    26    11   1.00000E+00   1.00000E+00   0.00000E+00   0.00000E+00
    26    12   1.00000E+00   1.00000E+00   0.00000E+00   0.00000E+00
 *******************************
    27     1   1.00000E+00   1.00000E+00   0.00000E+00   0.00000E+00
    27     2   1.00000E+00   1.00000E+00   0.00000E+00   0.00000E+00
    27     3   1.00000E+00   1.00000E+00   0.00000E+00   0.00000E+00
    27     4   1.00000E+00   1.00000E+00   0.00000E+00   0.00000E+00
    27     5   1.00000E+00   1.00000E+00   0.00000E+00   0.00000E+00
    27     6   1.00000E+00   1.00000E+00   0.00000E+00   0.00000E+00
    27     7   1.00000E+00   1.00000E+00   0.00000E+00   0.00000E+00
    27     8   1.00000E+00   1.00000E+00   0.00000E+00   0.00000E+00
    27     9   1.00000E+00   1.00000E+00   0.00000E+00   0.00000E+00
    27    10   1.00000E+00   1.00000E+00   0.00000E+00   0.00000E+00
    27    11   1.00000E+00   1.00000E+00   0.00000E+00   0.00000E+00
    27    12   1.00000E+00   1.00000E+00   0.00000E+00   0.00000E+00
 *******************************
    28     1   1.00000E+00   1.00000E+00   0.00000E+00   0.00000E+00
    28     2   1.00000E+00   1.00000E+00   0.00000E+00   0.00000E+00
    28     3   1.00000E+00   1.00000E+00   0.00000E+00   0.00000E+00
    28     4   1.00000E+00   1.00000E+00   0.00000E+00   0.00000E+00
    28     5   1.00000E+00   1.00000E+00   0.00000E+00   0.00000E+00
    28     6   1.00000E+00   1.00000E+00   0.00000E+00   0.00000E+00
    28     7   1.00000E+00   1.00000E+00   0.00000E+00   0.00000E+00
    28     8   1.00000E+00   1.00000E+00   0.00000E+00   0.00000E+00
    28     9   1.00000E+00   1.00000E+00   0.00000E+00   0.00000E+00
    28    10   1.00000E+00   1.00000E+00   0.00000E+00   0.00000E+00
    28    11   1.00000E+00   1.00000E+00   0.00000E+00   0.00000E+00
    28    12   1.00000E+00   1.00000E+00   0.00000E+00   0.00000E+00
 *******************************
 -------------------------------
     1     1     1     1    29    29   1.58264E+00   1.58264E+00  -2.76729E-07  -1.74852E-07
     1     1     1     2    29    29   1.61428E+00   1.61428E+00  -2.41273E-09  -1.49462E-09
     1     1     1     3    29    29   1.60838E+00   1.60838E+00   6.51436E-08   4.05025E-08
     1     1     1     4    29    29   1.60243E+00   1.60243E+00  -6.51436E-08  -4.06531E-08
     1     1     1     5    29    29   1.59649E+00   1.59649E+00   2.41273E-09   1.51127E-09
     1     1     1     6    29    29   1.58832E+00   1.58832E+00   1.02492E-08   6.45288E-09
     1     1     1     7    29    29   1.57687E+00   1.57687E+00   2.76729E-07   1.75493E-07
     1     1     1     8    29    29   1.57111E+00   1.57111E+00  -1.02492E-08  -6.52356E-09
     1     1     1     9    29    29   1.53952E+00   1.53952E+00  -2.02659E-09  -1.31638E-09
     1     1     1    10    29    29   1.53419E+00   1.53419E+00   5.47178E-08   3.56655E-08
     1     1     1    11    29    29   1.52878E+00   1.52878E+00  -5.47178E-08  -3.57918E-08
     1     1     1    12    29    29   1.52336E+00   1.52336E+00   2.02658E-09   1.33034E-09
     1     1     2     1    30    30   5.15212E+01   5.15212E+01  -9.10623E-06  -1.76747E-07
     1     1     2     2    30    30   4.94263E+01   4.94263E+01  -7.93947E-08  -1.60633E-09
     1     1     2     3    30    30   5.41475E+01   5.41476E+01   2.14366E-06   3.95892E-08
     1     1     2     4    30    30   5.66925E+01   5.66924E+01  -2.14366E-06  -3.78121E-08
     1     1     2     5    30    30   5.81997E+01   5.81997E+01   7.93947E-08   1.36418E-09
     1     1     2     6    30    30   4.69640E+01   4.69640E+01   3.37268E-07   7.18141E-09
     1     1     2     7    30    30   5.41064E+01   5.41064E+01   9.10623E-06   1.68302E-07
     1     1     2     8    30    30   5.57134E+01   5.57134E+01  -3.37268E-07  -6.05362E-09
     1     1     2     9    30    30   4.32281E+01   4.32281E+01  -6.66881E-08  -1.54270E-09
     1     1     2    10    30    30   4.75361E+01   4.75361E+01   1.80058E-06   3.78782E-08
     1     1     2    11    30    30   5.01752E+01   5.01752E+01  -1.80058E-06  -3.58858E-08
     1     1     2    12    30    30   5.18993E+01   5.18993E+01   6.66881E-08   1.28495E-09
     1     2     1     1    31    31   6.32179E-02   6.32179E-02  -5.91496E-09  -9.35646E-08
     1     2     1     2    31    31   6.31792E-02   6.31792E-02  -2.72618E-11  -4.31500E-10
     1     2     1     3    31    31   6.31995E-02   6.31995E-02   1.13605E-09   1.79756E-08
     1     2     1     4    31    31   6.32194E-02   6.32194E-02   6.48885E-11   1.02640E-09
     1     2     1     5    31    31   6.32390E-02   6.32390E-02   1.24116E-11   1.96266E-10
     1     2     1     6    31    31   6.31980E-02   6.31980E-02   1.39793E-10   2.21199E-09
     1     2     1     7    31    31   6.32373E-02   6.32373E-02  -7.99732E-10  -1.26465E-08
     1     2     1     8    31    31   6.32564E-02   6.32564E-02  -4.98688E-11  -7.88360E-10
     1     2     1     9    31    31   6.32333E-02   6.32333E-02  -2.29287E-11  -3.62604E-10
     1     2     1    10    31    31   6.32524E-02   6.32524E-02   9.49770E-10   1.50156E-08
     1     2     1    11    31    31   6.32711E-02   6.32711E-02   4.32120E-11   6.82967E-10
     1     2     1    12    31    31   6.32893E-02   6.32893E-02   1.06482E-11   1.68246E-10
     2     4     1     1    33    32   2.19056E+02   2.19056E+02  -3.83722E-05  -1.75171E-07
     2     4     1     2    33    32   2.24568E+02   2.24568E+02  -3.34557E-07  -1.48978E-09
     2     4     1     3    33    32   2.23065E+02   2.23065E+02   9.03304E-06   4.04950E-08
     2     4     1     4    33    32   2.21565E+02   2.21565E+02  -9.03304E-06  -4.07692E-08
     2     4     1     5    33    32   2.20078E+02   2.20078E+02   3.34557E-07   1.52017E-09
     2     4     1     6    33    32   2.20518E+02   2.20518E+02   1.42119E-06   6.44481E-09
     2     4     1     7    33    32   2.17592E+02   2.17592E+02   3.83722E-05   1.76349E-07
     2     4     1     8    33    32   2.16142E+02   2.16142E+02  -1.42119E-06  -6.57529E-09
     2     4     1     9    33    32   2.12607E+02   2.12607E+02  -2.81013E-07  -1.32175E-09
     2     4     1    10    33    32   2.11221E+02   2.11221E+02   7.58736E-06   3.59215E-08
     2     4     1    11    33    32   2.09834E+02   2.09834E+02  -7.58736E-06  -3.61589E-08
     2     4     1    12    33    32   2.08457E+02   2.08457E+02   2.81013E-07   1.34807E-09
     2     4     2     1    34    33   1.90598E+06   1.90598E+06  -3.33480E-01  -1.74965E-07
     2     4     2     2    34    33   1.86252E+06   1.86252E+06  -2.90753E-03  -1.56107E-09
     2     4     2     3    34    33   2.02889E+06   2.02889E+06   7.85032E-02   3.86926E-08
     2     4     2     4    34    33   2.11244E+06   2.11244E+06  -7.85032E-02  -3.71623E-08
     2     4     2     5    34    33   2.15674E+06   2.15674E+06   2.90752E-03   1.34811E-09
     2     4     2     6    34    33   1.74715E+06   1.74715E+06   1.23511E-02   7.06930E-09
     2     4     2     7    34    33   1.99063E+06   1.99064E+06   3.33480E-01   1.67525E-07
     2     4     2     8    34    33   2.03869E+06   2.03869E+06  -1.23511E-02  -6.05836E-09
     2     4     2     9    34    33   1.57746E+06   1.57746E+06  -2.44220E-03  -1.54818E-09
     2     4     2    10    34    33   1.72522E+06   1.72522E+06   6.59393E-02   3.82209E-08
     2     4     2    11    34    33   1.81127E+06   1.81127E+06  -6.59393E-02  -3.64050E-08
     2     4     2    12    34    33   1.86366E+06   1.86366E+06   2.44219E-03   1.31043E-09
     2     5     1     1    35    34   2.43554E-03   2.43554E-03   4.31131E-10   1.77017E-07
     2     5     1     2    35    34   2.44965E-03   2.44965E-03   3.72043E-12   1.51876E-09
     2     5     1     3    35    34   2.44224E-03   2.44224E-03  -1.01146E-10  -4.14152E-08
     2     5     1     4    35    34   2.43498E-03   2.43498E-03   9.90635E-11   4.06836E-08
     2     5     1     5    35    34   2.42785E-03   2.42785E-03  -3.69473E-12  -1.52181E-09
     2     5     1     6    35    34   2.44278E-03   2.44278E-03  -1.58239E-11  -6.47783E-09
     2     5     1     7    35    34   2.42845E-03   2.42845E-03  -4.19477E-10  -1.72735E-07
     2     5     1     8    35    34   2.42149E-03   2.42149E-03   1.56801E-11   6.47537E-09
     2     5     1     9    35    34   2.42990E-03   2.42990E-03   3.12497E-12   1.28605E-09
     2     5     1    10    35    34   2.42295E-03   2.42295E-03  -8.49480E-11  -3.50598E-08
     2     5     1    11    35    34   2.41615E-03   2.41615E-03   8.32264E-11   3.44459E-08
     2     5     1    12    35    34   2.40948E-03   2.40948E-03  -3.10371E-12  -1.28813E-09
     3     7     1     1    37    35   7.60210E+01   7.60210E+01  -1.33785E-05  -1.75984E-07
     3     7     1     2    37    35   7.73787E+01   7.73787E+01  -1.16643E-07  -1.50743E-09
     3     7     1     3    37    35   7.72034E+01   7.72034E+01   3.14937E-06   4.07931E-08
     3     7     1     4    37    35   7.70236E+01   7.70236E+01  -3.14937E-06  -4.08883E-08
     3     7     1     5    37    35   7.68431E+01   7.68431E+01   1.16643E-07   1.51794E-09
     3     7     1     6    37    35   7.61879E+01   7.61879E+01   4.95499E-07   6.50365E-09
     3     7     1     7    37    35   7.58477E+01   7.58477E+01   1.33785E-05   1.76386E-07
     3     7     1     8    37    35   7.56739E+01   7.56739E+01  -4.95499E-07  -6.54782E-09
     3     7     1     9    37    35   7.39845E+01   7.39845E+01  -9.79753E-08  -1.32427E-09
     3     7     1    10    37    35   7.38299E+01   7.38299E+01   2.64533E-06   3.58301E-08
     3     7     1    11    37    35   7.36695E+01   7.36695E+01  -2.64533E-06  -3.59081E-08
     3     7     1    12    37    35   7.35076E+01   7.35076E+01   9.79752E-08   1.33286E-09
     3     7     2     1    38    36   9.02979E+02   9.02979E+02  -1.59587E-04  -1.76734E-07
     3     7     2     2    38    36   8.66189E+02   8.66189E+02  -1.39140E-06  -1.60635E-09
     3     7     2     3    38    36   9.48950E+02   9.48950E+02   3.75678E-05   3.95888E-08
     3     7     2     4    38    36   9.93571E+02   9.93571E+02  -3.75678E-05  -3.78108E-08
     3     7     2     5    38    36   1.02001E+03   1.02001E+03   1.39140E-06   1.36410E-09
     3     7     2     6    38    36   8.23089E+02   8.23089E+02   5.91064E-06   7.18104E-09
     3     7     2     7    38    36   9.48306E+02   9.48307E+02   1.59587E-04   1.68287E-07
     3     7     2     8    38    36   9.76493E+02   9.76493E+02  -5.91064E-06  -6.05293E-09
     3     7     2     9    38    36   7.57677E+02   7.57677E+02  -1.16871E-06  -1.54250E-09
     3     7     2    10    38    36   8.33201E+02   8.33201E+02   3.15553E-05   3.78723E-08
     3     7     2    11    38    36   8.79477E+02   8.79477E+02  -3.15553E-05  -3.58796E-08
     3     7     2    12    38    36   9.09714E+02   9.09714E+02   1.16871E-06   1.28470E-09
     3     8     1     1    39    37   1.11408E-02   1.11408E-02  -1.96084E-09  -1.76006E-07
     3     8     1     2    39    37   1.11073E-02   1.11073E-02  -1.46547E-11  -1.31938E-09
     3     8     1     3    39    37   1.11249E-02   1.11249E-02   4.38193E-10   3.93885E-08
     3     8     1     4    39    37   1.11421E-02   1.11421E-02  -3.10645E-10  -2.78802E-08
     3     8     1     5    39    37   1.11590E-02   1.11590E-02   1.30800E-11   1.17215E-09
     3     8     1     6    39    37   1.11236E-02   1.11236E-02   6.38117E-11   5.73661E-09
     3     8     1     7    39    37   1.11576E-02   1.11576E-02   1.24698E-09   1.11760E-07
     3     8     1     8    39    37   1.11741E-02   1.11741E-02  -5.49965E-11  -4.92178E-09
     3     8     1     9    39    37   1.11542E-02   1.11542E-02  -1.23177E-11  -1.10432E-09
     3     8     1    10    39    37   1.11707E-02   1.11707E-02   3.67733E-10   3.29195E-08
     3     8     1    11    39    37   1.11868E-02   1.11868E-02  -2.62271E-10  -2.34447E-08
     3     8     1    12    39    37   1.12026E-02   1.12026E-02   1.10157E-11   9.83317E-10
     4    10     1     1    41    38   1.72848E+02   1.72848E+02  -3.00791E-05  -1.74020E-07
     4    10     1     2    41    38   1.76551E+02   1.76551E+02  -2.62252E-07  -1.48542E-09
     4    10     1     3    41    38   1.75710E+02   1.75710E+02   7.08080E-06   4.02983E-08
     4    10     1     4    41    38   1.74864E+02   1.74864E+02  -7.08080E-06  -4.04931E-08
     4    10     1     5    41    38   1.74024E+02   1.74024E+02   2.62252E-07   1.50698E-09
     4    10     1     6    41    38   1.73662E+02   1.73662E+02   1.11404E-06   6.41501E-09
     4    10     1     7    41    38   1.72027E+02   1.72027E+02   3.00791E-05   1.74851E-07
     4    10     1     8    41    38   1.71210E+02   1.71210E+02  -1.11404E-06  -6.50685E-09
     4    10     1     9    41    38   1.68138E+02   1.68138E+02  -2.20280E-07  -1.31012E-09
     4    10     1    10    41    38   1.67371E+02   1.67371E+02   5.94756E-06   3.55351E-08
     4    10     1    11    41    38   1.66598E+02   1.66598E+02  -5.94756E-06  -3.57001E-08
     4    10     1    12    41    38   1.65827E+02   1.65827E+02   2.20280E-07   1.32837E-09
     4    10     2     1    42    39   5.77396E+04   5.77396E+04  -1.02209E-02  -1.77017E-07
     4    10     2     2    42    39   5.58374E+04   5.58374E+04  -8.91131E-05  -1.59594E-09
     4    10     2     3    42    39   6.09198E+04   6.09198E+04   2.40605E-03   3.94954E-08
     4    10     2     4    42    39   6.35248E+04   6.35248E+04  -2.40605E-03  -3.78758E-08
     4    10     2     5    42    39   6.49525E+04   6.49525E+04   8.91131E-05   1.37197E-09
     4    10     2     6    42    39   5.28559E+04   5.28559E+04   3.78551E-04   7.16195E-09
     4    10     2     7    42    39   6.03844E+04   6.03844E+04   1.02209E-02   1.69264E-07
     4    10     2     8    42    39   6.19223E+04   6.19223E+04  -3.78551E-04  -6.11332E-09
     4    10     2     9    42    39   4.81913E+04   4.81913E+04  -7.48512E-05  -1.55321E-09
     4    10     2    10    42    39   5.27664E+04   5.27664E+04   2.02098E-03   3.83005E-08
     4    10     2    11    42    39   5.54611E+04   5.54611E+04  -2.02098E-03  -3.64396E-08
     4    10     2    12    42    39   5.71283E+04   5.71283E+04   7.48511E-05   1.31023E-09
     4    11     1     1    43    40   6.98513E-14   6.98513E-14  -1.28447E-20  -1.28447E-20
     4    11     1     2    43    40   6.25617E-14   6.25617E-14  -1.11989E-22  -1.11989E-22
     4    11     1     3    43    40   6.61670E-14   6.61670E-14   3.02370E-21   3.02370E-21
     4    11     1     4    43    40   6.96962E-14   6.96962E-14  -3.02370E-21  -3.02370E-21
     4    11     1     5    43    40   7.31594E-14   7.31594E-14   1.11989E-22   1.11989E-22
     4    11     1     6    43    40   6.63085E-14   6.63085E-14   4.75728E-22   4.75728E-22
     4    11     1     7    43    40   7.33180E-14   7.33180E-14   1.28447E-20   1.28447E-20
     4    11     1     8    43    40   7.67191E-14   7.67191E-14  -4.75728E-22  -4.75728E-22
     4    11     1     9    43    40   7.34251E-14   7.34251E-14  -9.40660E-23  -9.40660E-23
     4    11     1    10    43    40   7.68628E-14   7.68628E-14   2.53978E-21   2.53978E-21
     4    11     1    11    43    40   8.02226E-14   8.02226E-14  -2.53978E-21  -2.53978E-21
     4    11     1    12    43    40   8.35174E-14   8.35174E-14   9.40659E-23   9.40659E-23
