     1     1   2.17585E-01   2.17585E-01  -3.79605E-08  -1.74463E-07
     1     2   2.29674E-01   2.29674E-01  -3.30968E-10  -1.44103E-09
     1     3   2.30665E-01   2.30665E-01   8.93612E-09   3.87408E-08
     1     4   2.31353E-01   2.31353E-01  -8.93612E-09  -3.86255E-08
     1     5   2.31913E-01   2.31913E-01   3.30967E-10   1.42712E-09
     1     6   2.16596E-01   2.16596E-01   1.40595E-09   6.49109E-09
     1     7   2.18270E-01   2.18270E-01   3.79605E-08   1.73915E-07
     1     8   2.18825E-01   2.18825E-01  -1.40595E-09  -6.42497E-09
     1     9   1.95548E-01   1.95548E-01  -2.77998E-10  -1.42164E-09
     1    10   1.96516E-01   1.96516E-01   7.50596E-09   3.81951E-08
     1    11   1.97191E-01   1.97191E-01  -7.50596E-09  -3.80643E-08
     1    12   1.97734E-01   1.97734E-01   2.77998E-10   1.40592E-09
 *******************************
     2     1   1.18011E+00   1.18011E+00   2.03413E-07   1.72368E-07
     2     2   1.29961E+00   1.29961E+00   1.77350E-09   1.36464E-09
     2     3   1.27918E+00   1.27918E+00  -4.78845E-08  -3.74338E-08
     2     4   1.26150E+00   1.26150E+00   4.78845E-08   3.79585E-08
     2     5   1.24593E+00   1.24593E+00  -1.77350E-09  -1.42343E-09
     2     6   1.19703E+00   1.19703E+00  -7.53380E-09  -6.29375E-09
     2     7   1.16545E+00   1.16545E+00  -2.03413E-07  -1.74536E-07
     2     8   1.15241E+00   1.15241E+00   7.53380E-09   6.53746E-09
     2     9   1.04672E+00   1.04672E+00   1.48966E-09   1.42317E-09
     2    10   1.03385E+00   1.03385E+00  -4.02209E-08  -3.89039E-08
     2    11   1.02253E+00   1.02253E+00   4.02209E-08   3.93347E-08
     2    12   1.01245E+00   1.01245E+00  -1.48966E-09  -1.47135E-09
 *******************************
     3     1   1.01777E-03   1.01777E-03  -1.97657E-10  -1.94205E-07
     3     2   8.09917E-04   8.09917E-04  -1.72332E-12  -2.12777E-09
     3     3   1.07810E-03   1.07810E-03   4.65296E-11   4.31588E-08
     3     4   1.33927E-03   1.33927E-03  -4.65296E-11  -3.47424E-08
     3     5   1.59628E-03   1.59628E-03   1.72332E-12   1.07959E-09
     3     6   7.66006E-04   7.66006E-04   7.32063E-12   9.55688E-09
     3     7   1.26317E-03   1.26317E-03   1.97657E-10   1.56477E-07
     3     8   1.50475E-03   1.50475E-03  -7.32063E-12  -4.86502E-09
     3     9   6.95440E-04   6.95440E-04  -1.44751E-12  -2.08143E-09
     3    10   9.20360E-04   9.20360E-04   3.90828E-11   4.24647E-08
     3    11   1.14000E-03   1.14000E-03  -3.90828E-11  -3.42830E-08
     3    12   1.35636E-03   1.35636E-03   1.44751E-12   1.06720E-09
 *******************************
     4     1   2.06539E-02   2.06539E-02  -4.31593E-09  -2.08964E-07
     4     2   1.23616E-02   1.23616E-02  -3.76294E-11  -3.04406E-09
     4     3   2.25092E-02   2.25092E-02   1.01599E-09   4.51369E-08
     4     4   3.22701E-02   3.22701E-02  -1.01599E-09  -3.14840E-08
     4     5   4.17177E-02   4.17177E-02   3.76294E-11   9.01999E-10
     4     6   1.13846E-02   1.13846E-02   1.59849E-10   1.40409E-08
     4     7   2.95916E-02   2.95916E-02   4.31593E-09   1.45850E-07
     4     8   3.82590E-02   3.82590E-02  -1.59849E-10  -4.17808E-09
     4     9   1.00199E-02   1.00199E-02  -3.16071E-11  -3.15442E-09
     4    10   1.80409E-02   1.80409E-02   8.53390E-10   4.73030E-08
     4    11   2.58027E-02   2.58027E-02  -8.53390E-10  -3.30736E-08
     4    12   3.33465E-02   3.33465E-02   3.16070E-11   9.47838E-10
 *******************************
     5     1   0.00000E+00   0.00000E+00   0.00000E+00   0.00000E+00
     5     2   0.00000E+00   0.00000E+00   0.00000E+00   0.00000E+00
     5     3   0.00000E+00   0.00000E+00   0.00000E+00   0.00000E+00
     5     4   0.00000E+00   0.00000E+00   0.00000E+00   0.00000E+00
     5     5   0.00000E+00   0.00000E+00   0.00000E+00   0.00000E+00
     5     6   0.00000E+00   0.00000E+00   0.00000E+00   0.00000E+00
     5     7   0.00000E+00   0.00000E+00   0.00000E+00   0.00000E+00
     5     8   0.00000E+00   0.00000E+00   0.00000E+00   0.00000E+00
     5     9   0.00000E+00   0.00000E+00   0.00000E+00   0.00000E+00
     5    10   0.00000E+00   0.00000E+00   0.00000E+00   0.00000E+00
     5    11   0.00000E+00   0.00000E+00   0.00000E+00   0.00000E+00
     5    12   0.00000E+00   0.00000E+00   0.00000E+00   0.00000E+00
 *******************************
     6     1   0.00000E+00   0.00000E+00   0.00000E+00   0.00000E+00
     6     2   0.00000E+00   0.00000E+00   0.00000E+00   0.00000E+00
     6     3   0.00000E+00   0.00000E+00   0.00000E+00   0.00000E+00
     6     4   0.00000E+00   0.00000E+00   0.00000E+00   0.00000E+00
     6     5   0.00000E+00   0.00000E+00   0.00000E+00   0.00000E+00
     6     6   0.00000E+00   0.00000E+00   0.00000E+00   0.00000E+00
     6     7   0.00000E+00   0.00000E+00   0.00000E+00   0.00000E+00
     6     8   0.00000E+00   0.00000E+00   0.00000E+00   0.00000E+00
     6     9   0.00000E+00   0.00000E+00   0.00000E+00   0.00000E+00
     6    10   0.00000E+00   0.00000E+00   0.00000E+00   0.00000E+00
     6    11   0.00000E+00   0.00000E+00   0.00000E+00   0.00000E+00
     6    12   0.00000E+00   0.00000E+00   0.00000E+00   0.00000E+00
 *******************************
     7     1   0.00000E+00   0.00000E+00   0.00000E+00   0.00000E+00
     7     2   0.00000E+00   0.00000E+00   0.00000E+00   0.00000E+00
     7     3   0.00000E+00   0.00000E+00   0.00000E+00   0.00000E+00
     7     4   0.00000E+00   0.00000E+00   0.00000E+00   0.00000E+00
     7     5   0.00000E+00   0.00000E+00   0.00000E+00   0.00000E+00
     7     6   0.00000E+00   0.00000E+00   0.00000E+00   0.00000E+00
     7     7   0.00000E+00   0.00000E+00   0.00000E+00   0.00000E+00
     7     8   0.00000E+00   0.00000E+00   0.00000E+00   0.00000E+00
     7     9   0.00000E+00   0.00000E+00   0.00000E+00   0.00000E+00
     7    10   0.00000E+00   0.00000E+00   0.00000E+00   0.00000E+00
     7    11   0.00000E+00   0.00000E+00   0.00000E+00   0.00000E+00
     7    12   0.00000E+00   0.00000E+00   0.00000E+00   0.00000E+00
 *******************************
     8     1   0.00000E+00   0.00000E+00   0.00000E+00   0.00000E+00
     8     2   0.00000E+00   0.00000E+00   0.00000E+00   0.00000E+00
     8     3   0.00000E+00   0.00000E+00   0.00000E+00   0.00000E+00
     8     4   0.00000E+00   0.00000E+00   0.00000E+00   0.00000E+00
     8     5   0.00000E+00   0.00000E+00   0.00000E+00   0.00000E+00
     8     6   0.00000E+00   0.00000E+00   0.00000E+00   0.00000E+00
     8     7   0.00000E+00   0.00000E+00   0.00000E+00   0.00000E+00
     8     8   0.00000E+00   0.00000E+00   0.00000E+00   0.00000E+00
     8     9   0.00000E+00   0.00000E+00   0.00000E+00   0.00000E+00
     8    10   0.00000E+00   0.00000E+00   0.00000E+00   0.00000E+00
     8    11   0.00000E+00   0.00000E+00   0.00000E+00   0.00000E+00
     8    12   0.00000E+00   0.00000E+00   0.00000E+00   0.00000E+00
 *******************************
     9     1   0.00000E+00   0.00000E+00   0.00000E+00   0.00000E+00
     9     2   0.00000E+00   0.00000E+00   0.00000E+00   0.00000E+00
     9     3   0.00000E+00   0.00000E+00   0.00000E+00   0.00000E+00
     9     4   0.00000E+00   0.00000E+00   0.00000E+00   0.00000E+00
     9     5   0.00000E+00   0.00000E+00   0.00000E+00   0.00000E+00
     9     6   0.00000E+00   0.00000E+00   0.00000E+00   0.00000E+00
     9     7   0.00000E+00   0.00000E+00   0.00000E+00   0.00000E+00
     9     8   0.00000E+00   0.00000E+00   0.00000E+00   0.00000E+00
     9     9   0.00000E+00   0.00000E+00   0.00000E+00   0.00000E+00
     9    10   0.00000E+00   0.00000E+00   0.00000E+00   0.00000E+00
     9    11   0.00000E+00   0.00000E+00   0.00000E+00   0.00000E+00
     9    12   0.00000E+00   0.00000E+00   0.00000E+00   0.00000E+00
 *******************************
    10     1   0.00000E+00   0.00000E+00   0.00000E+00   0.00000E+00
    10     2   0.00000E+00   0.00000E+00   0.00000E+00   0.00000E+00
    10     3   0.00000E+00   0.00000E+00   0.00000E+00   0.00000E+00
    10     4   0.00000E+00   0.00000E+00   0.00000E+00   0.00000E+00
    10     5   0.00000E+00   0.00000E+00   0.00000E+00   0.00000E+00
    10     6   0.00000E+00   0.00000E+00   0.00000E+00   0.00000E+00
    10     7   0.00000E+00   0.00000E+00   0.00000E+00   0.00000E+00
    10     8   0.00000E+00   0.00000E+00   0.00000E+00   0.00000E+00
    10     9   0.00000E+00   0.00000E+00   0.00000E+00   0.00000E+00
    10    10   0.00000E+00   0.00000E+00   0.00000E+00   0.00000E+00
    10    11   0.00000E+00   0.00000E+00   0.00000E+00   0.00000E+00
    10    12   0.00000E+00   0.00000E+00   0.00000E+00   0.00000E+00
 *******************************
    11     1   0.00000E+00   0.00000E+00   0.00000E+00   0.00000E+00
    11     2   0.00000E+00   0.00000E+00   0.00000E+00   0.00000E+00
    11     3   0.00000E+00   0.00000E+00   0.00000E+00   0.00000E+00
    11     4   0.00000E+00   0.00000E+00   0.00000E+00   0.00000E+00
    11     5   0.00000E+00   0.00000E+00   0.00000E+00   0.00000E+00
    11     6   0.00000E+00   0.00000E+00   0.00000E+00   0.00000E+00
    11     7   0.00000E+00   0.00000E+00   0.00000E+00   0.00000E+00
    11     8   0.00000E+00   0.00000E+00   0.00000E+00   0.00000E+00
    11     9   0.00000E+00   0.00000E+00   0.00000E+00   0.00000E+00
    11    10   0.00000E+00   0.00000E+00   0.00000E+00   0.00000E+00
    11    11   0.00000E+00   0.00000E+00   0.00000E+00   0.00000E+00
    11    12   0.00000E+00   0.00000E+00   0.00000E+00   0.00000E+00
 *******************************
    12     1   0.00000E+00   0.00000E+00   0.00000E+00   0.00000E+00
    12     2   0.00000E+00   0.00000E+00   0.00000E+00   0.00000E+00
    12     3   0.00000E+00   0.00000E+00   0.00000E+00   0.00000E+00
    12     4   0.00000E+00   0.00000E+00   0.00000E+00   0.00000E+00
    12     5   0.00000E+00   0.00000E+00   0.00000E+00   0.00000E+00
    12     6   0.00000E+00   0.00000E+00   0.00000E+00   0.00000E+00
    12     7   0.00000E+00   0.00000E+00   0.00000E+00   0.00000E+00
    12     8   0.00000E+00   0.00000E+00   0.00000E+00   0.00000E+00
    12     9   0.00000E+00   0.00000E+00   0.00000E+00   0.00000E+00
    12    10   0.00000E+00   0.00000E+00   0.00000E+00   0.00000E+00
    12    11   0.00000E+00   0.00000E+00   0.00000E+00   0.00000E+00
    12    12   0.00000E+00   0.00000E+00   0.00000E+00   0.00000E+00
 *******************************
    13     1   2.53488E-01   2.53488E-01  -4.39505E-08  -1.73383E-07
    13     2   2.67527E-01   2.67527E-01  -3.83192E-10  -1.43235E-09
    13     3   2.68835E-01   2.68835E-01   1.03462E-08   3.84852E-08
    13     4   2.69729E-01   2.69729E-01  -1.03462E-08  -3.83578E-08
    13     5   2.70446E-01   2.70446E-01   3.83192E-10   1.41689E-09
    13     6   2.52202E-01   2.52202E-01   1.62780E-09   6.45432E-09
    13     7   2.54366E-01   2.54366E-01   4.39505E-08   1.72784E-07
    13     8   2.55070E-01   2.55070E-01  -1.62780E-09  -6.38177E-09
    13     9   2.27624E-01   2.27624E-01  -3.21865E-10  -1.41402E-09
    13    10   2.28846E-01   2.28846E-01   8.69035E-09   3.79747E-08
    13    11   2.29689E-01   2.29689E-01  -8.69035E-09  -3.78353E-08
    13    12   2.30362E-01   2.30362E-01   3.21865E-10   1.39721E-09
 *******************************
    14     1   3.74350E-02   3.74350E-02  -6.49161E-09  -1.73410E-07
    14     2   3.99627E-02   3.99627E-02  -5.65986E-11  -1.41628E-09
    14     3   3.98641E-02   3.98641E-02   1.52816E-09   3.83343E-08
    14     4   3.97318E-02   3.97318E-02  -1.52816E-09  -3.84619E-08
    14     5   3.95845E-02   3.95845E-02   5.65986E-11   1.42982E-09
    14     6   3.75258E-02   3.75258E-02   2.40430E-10   6.40706E-09
    14     7   3.73142E-02   3.73142E-02   6.49161E-09   1.73972E-07
    14     8   3.71794E-02   3.71794E-02  -2.40430E-10  -6.46675E-09
    14     9   3.35284E-02   3.35284E-02  -4.75404E-11  -1.41791E-09
    14    10   3.34564E-02   3.34564E-02   1.28359E-09   3.83661E-08
    14    11   3.33568E-02   3.33568E-02  -1.28359E-09  -3.84806E-08
    14    12   3.32436E-02   3.32436E-02   4.75404E-11   1.43006E-09
 *******************************
    15     1   4.49734E-04   4.49734E-04  -8.90658E-11  -1.98041E-07
    15     2   2.80740E-04   2.80740E-04  -7.76541E-13  -2.76605E-09
    15     3   4.20867E-04   4.20867E-04   2.09666E-11   4.98176E-08
    15     4   5.53345E-04   5.53345E-04  -2.09666E-11  -3.78906E-08
    15     5   6.79483E-04   6.79483E-04   7.76540E-13   1.14284E-09
    15     6   3.10766E-04   3.10766E-04   3.29873E-12   1.06148E-08
    15     7   5.80902E-04   5.80902E-04   8.90658E-11   1.53323E-07
    15     8   7.06750E-04   7.06750E-04  -3.29873E-12  -4.66747E-09
    15     9   3.42686E-04   3.42686E-04  -6.52260E-13  -1.90337E-09
    15    10   4.72901E-04   4.72901E-04   1.76110E-11   3.72404E-08
    15    11   5.97359E-04   5.97359E-04  -1.76110E-11  -2.94815E-08
    15    12   7.16609E-04   7.16609E-04   6.52260E-13   9.10203E-10
 *******************************
    16     1   1.34145E+00   1.34145E+00   2.30471E-07   1.71808E-07
    16     2   1.47990E+00   1.47990E+00   2.00942E-09   1.35781E-09
    16     3   1.45822E+00   1.45822E+00  -5.42543E-08  -3.72058E-08
    16     4   1.43842E+00   1.43842E+00   5.42543E-08   3.77181E-08
    16     5   1.42006E+00   1.42006E+00  -2.00942E-09  -1.41503E-09
    16     6   1.36010E+00   1.36010E+00  -8.53598E-09  -6.27601E-09
    16     7   1.32437E+00   1.32437E+00  -2.30471E-07  -1.74024E-07
    16     8   1.30838E+00   1.30838E+00   8.53598E-09   6.52406E-09
    16     9   1.18632E+00   1.18632E+00   1.68782E-09   1.42274E-09
    16    10   1.17144E+00   1.17144E+00  -4.55712E-08  -3.89020E-08
    16    11   1.15759E+00   1.15759E+00   4.55712E-08   3.93674E-08
    16    12   1.14460E+00   1.14460E+00  -1.68782E-09  -1.47460E-09
 *******************************
    17     1   1.00000E+00   1.00000E+00   0.00000E+00   0.00000E+00
    17     2   1.00000E+00   1.00000E+00   0.00000E+00   0.00000E+00
    17     3   1.00000E+00   1.00000E+00   0.00000E+00   0.00000E+00
    17     4   1.00000E+00   1.00000E+00   0.00000E+00   0.00000E+00
    17     5   1.00000E+00   1.00000E+00   0.00000E+00   0.00000E+00
    17     6   1.00000E+00   1.00000E+00   0.00000E+00   0.00000E+00
    17     7   1.00000E+00   1.00000E+00   0.00000E+00   0.00000E+00
    17     8   1.00000E+00   1.00000E+00   0.00000E+00   0.00000E+00
    17     9   1.00000E+00   1.00000E+00   0.00000E+00   0.00000E+00
    17    10   1.00000E+00   1.00000E+00   0.00000E+00   0.00000E+00
    17    11   1.00000E+00   1.00000E+00   0.00000E+00   0.00000E+00
    17    12   1.00000E+00   1.00000E+00   0.00000E+00   0.00000E+00
 *******************************
    18     1   1.00000E+00   1.00000E+00   0.00000E+00   0.00000E+00
    18     2   1.00000E+00   1.00000E+00   0.00000E+00   0.00000E+00
    18     3   1.00000E+00   1.00000E+00   0.00000E+00   0.00000E+00
    18     4   1.00000E+00   1.00000E+00   0.00000E+00   0.00000E+00
    18     5   1.00000E+00   1.00000E+00   0.00000E+00   0.00000E+00
    18     6   1.00000E+00   1.00000E+00   0.00000E+00   0.00000E+00
    18     7   1.00000E+00   1.00000E+00   0.00000E+00   0.00000E+00
    18     8   1.00000E+00   1.00000E+00   0.00000E+00   0.00000E+00
    18     9   1.00000E+00   1.00000E+00   0.00000E+00   0.00000E+00
    18    10   1.00000E+00   1.00000E+00   0.00000E+00   0.00000E+00
    18    11   1.00000E+00   1.00000E+00   0.00000E+00   0.00000E+00
    18    12   1.00000E+00   1.00000E+00   0.00000E+00   0.00000E+00
 *******************************
    19     1   1.00000E+00   1.00000E+00   0.00000E+00   0.00000E+00
    19     2   1.00000E+00   1.00000E+00   0.00000E+00   0.00000E+00
    19     3   1.00000E+00   1.00000E+00   0.00000E+00   0.00000E+00
    19     4   1.00000E+00   1.00000E+00   0.00000E+00   0.00000E+00
    19     5   1.00000E+00   1.00000E+00   0.00000E+00   0.00000E+00
    19     6   1.00000E+00   1.00000E+00   0.00000E+00   0.00000E+00
    19     7   1.00000E+00   1.00000E+00   0.00000E+00   0.00000E+00
    19     8   1.00000E+00   1.00000E+00   0.00000E+00   0.00000E+00
    19     9   1.00000E+00   1.00000E+00   0.00000E+00   0.00000E+00
    19    10   1.00000E+00   1.00000E+00   0.00000E+00   0.00000E+00
    19    11   1.00000E+00   1.00000E+00   0.00000E+00   0.00000E+00
    19    12   1.00000E+00   1.00000E+00   0.00000E+00   0.00000E+00
 *******************************
    20     1   1.00000E+00   1.00000E+00   0.00000E+00   0.00000E+00
    20     2   1.00000E+00   1.00000E+00   0.00000E+00   0.00000E+00
    20     3   1.00000E+00   1.00000E+00   0.00000E+00   0.00000E+00
    20     4   1.00000E+00   1.00000E+00   0.00000E+00   0.00000E+00
    20     5   1.00000E+00   1.00000E+00   0.00000E+00   0.00000E+00
    20     6   1.00000E+00   1.00000E+00   0.00000E+00   0.00000E+00
    20     7   1.00000E+00   1.00000E+00   0.00000E+00   0.00000E+00
    20     8   1.00000E+00   1.00000E+00   0.00000E+00   0.00000E+00
    20     9   1.00000E+00   1.00000E+00   0.00000E+00   0.00000E+00
    20    10   1.00000E+00   1.00000E+00   0.00000E+00   0.00000E+00
    20    11   1.00000E+00   1.00000E+00   0.00000E+00   0.00000E+00
    20    12   1.00000E+00   1.00000E+00   0.00000E+00   0.00000E+00
 *******************************
    21     1   1.00000E+00   1.00000E+00   0.00000E+00   0.00000E+00
    21     2   1.00000E+00   1.00000E+00   0.00000E+00   0.00000E+00
    21     3   1.00000E+00   1.00000E+00   0.00000E+00   0.00000E+00
    21     4   1.00000E+00   1.00000E+00   0.00000E+00   0.00000E+00
    21     5   1.00000E+00   1.00000E+00   0.00000E+00   0.00000E+00
    21     6   1.00000E+00   1.00000E+00   0.00000E+00   0.00000E+00
    21     7   1.00000E+00   1.00000E+00   0.00000E+00   0.00000E+00
    21     8   1.00000E+00   1.00000E+00   0.00000E+00   0.00000E+00
    21     9   1.00000E+00   1.00000E+00   0.00000E+00   0.00000E+00
    21    10   1.00000E+00   1.00000E+00   0.00000E+00   0.00000E+00
    21    11   1.00000E+00   1.00000E+00   0.00000E+00   0.00000E+00
    21    12   1.00000E+00   1.00000E+00   0.00000E+00   0.00000E+00
 *******************************
    22     1   1.00000E+00   1.00000E+00   0.00000E+00   0.00000E+00
    22     2   1.00000E+00   1.00000E+00   0.00000E+00   0.00000E+00
    22     3   1.00000E+00   1.00000E+00   0.00000E+00   0.00000E+00
    22     4   1.00000E+00   1.00000E+00   0.00000E+00   0.00000E+00
    22     5   1.00000E+00   1.00000E+00   0.00000E+00   0.00000E+00
    22     6   1.00000E+00   1.00000E+00   0.00000E+00   0.00000E+00
    22     7   1.00000E+00   1.00000E+00   0.00000E+00   0.00000E+00
    22     8   1.00000E+00   1.00000E+00   0.00000E+00   0.00000E+00
    22     9   1.00000E+00   1.00000E+00   0.00000E+00   0.00000E+00
    22    10   1.00000E+00   1.00000E+00   0.00000E+00   0.00000E+00
    22    11   1.00000E+00   1.00000E+00   0.00000E+00   0.00000E+00
    22    12   1.00000E+00   1.00000E+00   0.00000E+00   0.00000E+00
 *******************************
    23     1   1.00000E+00   1.00000E+00   0.00000E+00   0.00000E+00
    23     2   1.00000E+00   1.00000E+00   0.00000E+00   0.00000E+00
    23     3   1.00000E+00   1.00000E+00   0.00000E+00   0.00000E+00
    23     4   1.00000E+00   1.00000E+00   0.00000E+00   0.00000E+00
    23     5   1.00000E+00   1.00000E+00   0.00000E+00   0.00000E+00
    23     6   1.00000E+00   1.00000E+00   0.00000E+00   0.00000E+00
    23     7   1.00000E+00   1.00000E+00   0.00000E+00   0.00000E+00
    23     8   1.00000E+00   1.00000E+00   0.00000E+00   0.00000E+00
    23     9   1.00000E+00   1.00000E+00   0.00000E+00   0.00000E+00
    23    10   1.00000E+00   1.00000E+00   0.00000E+00   0.00000E+00
    23    11   1.00000E+00   1.00000E+00   0.00000E+00   0.00000E+00
    23    12   1.00000E+00   1.00000E+00   0.00000E+00   0.00000E+00
 *******************************
    24     1   1.00000E+00   1.00000E+00   0.00000E+00   0.00000E+00
    24     2   1.00000E+00   1.00000E+00   0.00000E+00   0.00000E+00
    24     3   1.00000E+00   1.00000E+00   0.00000E+00   0.00000E+00
    24     4   1.00000E+00   1.00000E+00   0.00000E+00   0.00000E+00
    24     5   1.00000E+00   1.00000E+00   0.00000E+00   0.00000E+00
    24     6   1.00000E+00   1.00000E+00   0.00000E+00   0.00000E+00
    24     7   1.00000E+00   1.00000E+00   0.00000E+00   0.00000E+00
    24     8   1.00000E+00   1.00000E+00   0.00000E+00   0.00000E+00
    24     9   1.00000E+00   1.00000E+00   0.00000E+00   0.00000E+00
    24    10   1.00000E+00   1.00000E+00   0.00000E+00   0.00000E+00
    24    11   1.00000E+00   1.00000E+00   0.00000E+00   0.00000E+00
    24    12   1.00000E+00   1.00000E+00   0.00000E+00   0.00000E+00
 *******************************
    25     1   1.00000E+00   1.00000E+00   0.00000E+00   0.00000E+00
    25     2   1.00000E+00   1.00000E+00   0.00000E+00   0.00000E+00
    25     3   1.00000E+00   1.00000E+00   0.00000E+00   0.00000E+00
    25     4   1.00000E+00   1.00000E+00   0.00000E+00   0.00000E+00
    25     5   1.00000E+00   1.00000E+00   0.00000E+00   0.00000E+00
    25     6   1.00000E+00   1.00000E+00   0.00000E+00   0.00000E+00
    25     7   1.00000E+00   1.00000E+00   0.00000E+00   0.00000E+00
    25     8   1.00000E+00   1.00000E+00   0.00000E+00   0.00000E+00
    25     9   1.00000E+00   1.00000E+00   0.00000E+00   0.00000E+00
    25    10   1.00000E+00   1.00000E+00   0.00000E+00   0.00000E+00
    25    11   1.00000E+00   1.00000E+00   0.00000E+00   0.00000E+00
    25    12   1.00000E+00   1.00000E+00   0.00000E+00   0.00000E+00
 *******************************
    26     1   1.00000E+00   1.00000E+00   0.00000E+00   0.00000E+00
    26     2   1.00000E+00   1.00000E+00   0.00000E+00   0.00000E+00
    26     3   1.00000E+00   1.00000E+00   0.00000E+00   0.00000E+00
    26     4   1.00000E+00   1.00000E+00   0.00000E+00   0.00000E+00
    26     5   1.00000E+00   1.00000E+00   0.00000E+00   0.00000E+00
    26     6   1.00000E+00   1.00000E+00   0.00000E+00   0.00000E+00
    26     7   1.00000E+00   1.00000E+00   0.00000E+00   0.00000E+00
    26     8   1.00000E+00   1.00000E+00   0.00000E+00   0.00000E+00
    26     9   1.00000E+00   1.00000E+00   0.00000E+00   0.00000E+00
    26    10   1.00000E+00   1.00000E+00   0.00000E+00   0.00000E+00
    26    11   1.00000E+00   1.00000E+00   0.00000E+00   0.00000E+00
    26    12   1.00000E+00   1.00000E+00   0.00000E+00   0.00000E+00
 *******************************
    27     1   1.00000E+00   1.00000E+00   0.00000E+00   0.00000E+00
    27     2   1.00000E+00   1.00000E+00   0.00000E+00   0.00000E+00
    27     3   1.00000E+00   1.00000E+00   0.00000E+00   0.00000E+00
    27     4   1.00000E+00   1.00000E+00   0.00000E+00   0.00000E+00
    27     5   1.00000E+00   1.00000E+00   0.00000E+00   0.00000E+00
    27     6   1.00000E+00   1.00000E+00   0.00000E+00   0.00000E+00
    27     7   1.00000E+00   1.00000E+00   0.00000E+00   0.00000E+00
    27     8   1.00000E+00   1.00000E+00   0.00000E+00   0.00000E+00
    27     9   1.00000E+00   1.00000E+00   0.00000E+00   0.00000E+00
    27    10   1.00000E+00   1.00000E+00   0.00000E+00   0.00000E+00
    27    11   1.00000E+00   1.00000E+00   0.00000E+00   0.00000E+00
    27    12   1.00000E+00   1.00000E+00   0.00000E+00   0.00000E+00
 *******************************
    28     1   1.00000E+00   1.00000E+00   0.00000E+00   0.00000E+00
    28     2   1.00000E+00   1.00000E+00   0.00000E+00   0.00000E+00
    28     3   1.00000E+00   1.00000E+00   0.00000E+00   0.00000E+00
    28     4   1.00000E+00   1.00000E+00   0.00000E+00   0.00000E+00
    28     5   1.00000E+00   1.00000E+00   0.00000E+00   0.00000E+00
    28     6   1.00000E+00   1.00000E+00   0.00000E+00   0.00000E+00
    28     7   1.00000E+00   1.00000E+00   0.00000E+00   0.00000E+00
    28     8   1.00000E+00   1.00000E+00   0.00000E+00   0.00000E+00
    28     9   1.00000E+00   1.00000E+00   0.00000E+00   0.00000E+00
    28    10   1.00000E+00   1.00000E+00   0.00000E+00   0.00000E+00
    28    11   1.00000E+00   1.00000E+00   0.00000E+00   0.00000E+00
    28    12   1.00000E+00   1.00000E+00   0.00000E+00   0.00000E+00
 *******************************
 -------------------------------
     1     1     1     1    29    29   1.59923E+00   1.59923E+00  -2.79026E-07  -1.74476E-07
     1     1     1     2    29    29   1.62623E+00   1.62623E+00  -2.43275E-09  -1.49594E-09
     1     1     1     3    29    29   1.63090E+00   1.63090E+00   6.56844E-08   4.02750E-08
     1     1     1     4    29    29   1.63060E+00   1.63060E+00  -6.56844E-08  -4.02823E-08
     1     1     1     5    29    29   1.62835E+00   1.62835E+00   2.43275E-09   1.49400E-09
     1     1     1     6    29    29   1.59412E+00   1.59412E+00   1.03343E-08   6.48277E-09
     1     1     1     7    29    29   1.59929E+00   1.59929E+00   2.79026E-07   1.74469E-07
     1     1     1     8    29    29   1.59737E+00   1.59737E+00  -1.03343E-08  -6.46959E-09
     1     1     1     9    29    29   1.53453E+00   1.53453E+00  -2.04341E-09  -1.33162E-09
     1     1     1    10    29    29   1.54014E+00   1.54014E+00   5.51720E-08   3.58226E-08
     1     1     1    11    29    29   1.54081E+00   1.54081E+00  -5.51720E-08  -3.58072E-08
     1     1     1    12    29    29   1.53942E+00   1.53942E+00   2.04341E-09   1.32739E-09
     1     1     2     1    30    30   3.96288E+01   3.96288E+01  -7.11802E-06  -1.79618E-07
     1     1     2     2    30    30   3.45489E+01   3.45489E+01  -6.20601E-08  -1.79630E-09
     1     1     2     3    30    30   4.27002E+01   4.27002E+01   1.67562E-06   3.92416E-08
     1     1     2     4    30    30   4.73972E+01   4.73972E+01  -1.67562E-06  -3.53528E-08
     1     1     2     5    30    30   5.03800E+01   5.03800E+01   6.20601E-08   1.23184E-09
     1     1     2     6    30    30   3.19055E+01   3.19055E+01   2.63631E-07   8.26285E-09
     1     1     2     7    30    30   4.42560E+01   4.42560E+01   7.11802E-06   1.60837E-07
     1     1     2     8    30    30   4.73113E+01   4.73113E+01  -2.63630E-07  -5.57225E-09
     1     1     2     9    30    30   2.81180E+01   2.81180E+01  -5.21278E-08  -1.85389E-09
     1     1     2    10    30    30   3.50036E+01   3.50036E+01   1.40745E-06   4.02087E-08
     1     1     2    11    30    30   3.94665E+01   3.94665E+01  -1.40745E-06  -3.56619E-08
     1     1     2    12    30    30   4.25454E+01   4.25454E+01   5.21278E-08   1.22523E-09
     1     2     1     1    31    31   6.32103E-02   6.32103E-02  -1.11302E-08  -1.76082E-07
     1     2     1     2    31    31   6.31673E-02   6.31673E-02  -9.70410E-11  -1.53625E-09
     1     2     1     3    31    31   6.31932E-02   6.31932E-02   2.62011E-09   4.14619E-08
     1     2     1     4    31    31   6.32162E-02   6.32162E-02  -2.62010E-09  -4.14467E-08
     1     2     1     5    31    31   6.32379E-02   6.32379E-02   9.70409E-11   1.53454E-09
     1     2     1     6    31    31   6.31841E-02   6.31841E-02   4.12229E-10   6.52425E-09
     1     2     1     7    31    31   6.32333E-02   6.32333E-02   1.11301E-08   1.76017E-07
     1     2     1     8    31    31   6.32548E-02   6.32548E-02  -4.12228E-10  -6.51694E-09
     1     2     1     9    31    31   6.32155E-02   6.32155E-02  -8.15102E-11  -1.28940E-09
     1     2     1    10    31    31   6.32423E-02   6.32423E-02   2.20078E-09   3.47991E-08
     1     2     1    11    31    31   6.32654E-02   6.32654E-02  -2.20077E-09  -3.47863E-08
     1     2     1    12    31    31   6.32868E-02   6.32868E-02   8.15102E-11   1.28795E-09
     2     4     1     1    33    32   2.21858E+02   2.21858E+02  -3.89563E-05  -1.75591E-07
     2     4     1     2    33    32   2.26698E+02   2.26698E+02  -3.39649E-07  -1.49825E-09
     2     4     1     3    33    32   2.26633E+02   2.26633E+02   9.17053E-06   4.04643E-08
     2     4     1     4    33    32   2.25893E+02   2.25893E+02  -9.17053E-06  -4.05968E-08
     2     4     1     5    33    32   2.24894E+02   2.24894E+02   3.39649E-07   1.51027E-09
     2     4     1     6    33    32   2.21858E+02   2.21858E+02   1.44283E-06   6.50338E-09
     2     4     1     7    33    32   2.21176E+02   2.21176E+02   3.89563E-05   1.76133E-07
     2     4     1     8    33    32   2.20231E+02   2.20231E+02  -1.44283E-06  -6.55142E-09
     2     4     1     9    33    32   2.12582E+02   2.12582E+02  -2.85291E-07  -1.34203E-09
     2     4     1    10    33    32   2.12663E+02   2.12663E+02   7.70285E-06   3.62208E-08
     2     4     1    11    33    32   2.12083E+02   2.12083E+02  -7.70285E-06  -3.63199E-08
     2     4     1    12    33    32   2.11236E+02   2.11236E+02   2.85291E-07   1.35058E-09
     2     4     2     1    34    33   1.47610E+06   1.47610E+06  -2.61565E-01  -1.77200E-07
     2     4     2     2    34    33   1.31188E+06   1.31188E+06  -2.28051E-03  -1.73835E-09
     2     4     2     3    34    33   1.60953E+06   1.60953E+06   6.15739E-02   3.82559E-08
     2     4     2     4    34    33   1.77510E+06   1.77510E+06  -6.15739E-02  -3.46875E-08
     2     4     2     5    34    33   1.87545E+06   1.87545E+06   2.28051E-03   1.21598E-09
     2     4     2     6    34    33   1.19737E+06   1.19737E+06   9.68760E-03   8.09071E-09
     2     4     2     7    34    33   1.63778E+06   1.63778E+06   2.61565E-01   1.59707E-07
     2     4     2     8    34    33   1.74028E+06   1.74028E+06  -9.68759E-03  -5.56670E-09
     2     4     2     9    34    33   1.03749E+06   1.03749E+06  -1.91553E-03  -1.84632E-09
     2     4     2    10    34    33   1.28150E+06   1.28150E+06   5.17194E-02   4.03584E-08
     2     4     2    11    34    33   1.43534E+06   1.43534E+06  -5.17194E-02  -3.60327E-08
     2     4     2    12    34    33   1.53792E+06   1.53792E+06   1.91553E-03   1.24554E-09
     2     5     1     1    35    34   2.43830E-03   2.43830E-03   4.27395E-10   1.75284E-07
     2     5     1     2    35    34   2.45396E-03   2.45396E-03   3.72634E-12   1.51850E-09
     2     5     1     3    35    34   2.44454E-03   2.44454E-03  -1.00611E-10  -4.11575E-08
     2     5     1     4    35    34   2.43615E-03   2.43615E-03   1.00611E-10   4.12993E-08
     2     5     1     5    35    34   2.42824E-03   2.42824E-03  -3.72634E-12  -1.53459E-09
     2     5     1     6    35    34   2.44784E-03   2.44784E-03  -1.58294E-11  -6.46671E-09
     2     5     1     7    35    34   2.42992E-03   2.42992E-03  -4.27395E-10  -1.75889E-07
     2     5     1     8    35    34   2.42206E-03   2.42206E-03   1.58294E-11   6.53553E-09
     2     5     1     9    35    34   2.43641E-03   2.43641E-03   3.12996E-12   1.28466E-09
     2     5     1    10    35    34   2.42663E-03   2.42663E-03  -8.45090E-11  -3.48257E-08
     2     5     1    11    35    34   2.41820E-03   2.41820E-03   8.45090E-11   3.49470E-08
     2     5     1    12    35    34   2.41041E-03   2.41041E-03  -3.12996E-12  -1.29852E-09
     3     7     1     1    37    35   7.67472E+01   7.67472E+01  -1.34316E-05  -1.75010E-07
     3     7     1     2    37    35   7.78874E+01   7.78874E+01  -1.17106E-07  -1.50353E-09
     3     7     1     3    37    35   7.82219E+01   7.82219E+01   3.16186E-06   4.04217E-08
     3     7     1     4    37    35   7.83171E+01   7.83171E+01  -3.16186E-06  -4.03726E-08
     3     7     1     5    37    35   7.83174E+01   7.83174E+01   1.17106E-07   1.49528E-09
     3     7     1     6    37    35   7.63925E+01   7.63925E+01   4.97465E-07   6.51196E-09
     3     7     1     7    37    35   7.68578E+01   7.68578E+01   1.34316E-05   1.74759E-07
     3     7     1     8    37    35   7.68717E+01   7.68717E+01  -4.97465E-07  -6.47136E-09
     3     7     1     9    37    35   7.36537E+01   7.36537E+01  -9.83641E-08  -1.33550E-09
     3     7     1    10    37    35   7.40300E+01   7.40300E+01   2.65583E-06   3.58750E-08
     3     7     1    11    37    35   7.41658E+01   7.41658E+01  -2.65583E-06  -3.58093E-08
     3     7     1    12    37    35   7.42015E+01   7.42015E+01   9.83640E-08   1.32563E-09
     3     7     2     1    38    36   6.94533E+02   6.94533E+02  -1.24742E-04  -1.79606E-07
     3     7     2     2    38    36   6.05450E+02   6.05450E+02  -1.08760E-06  -1.79634E-09
     3     7     2     3    38    36   7.48317E+02   7.48317E+02   2.93651E-05   3.92415E-08
     3     7     2     4    38    36   8.30652E+02   8.30652E+02  -2.93651E-05  -3.53518E-08
     3     7     2     5    38    36   8.82949E+02   8.82949E+02   1.08760E-06   1.23178E-09
     3     7     2     6    38    36   5.59160E+02   5.59160E+02   4.62009E-06   8.26256E-09
     3     7     2     7    38    36   7.75648E+02   7.75648E+02   1.24742E-04   1.60824E-07
     3     7     2     8    38    36   8.29215E+02   8.29215E+02  -4.62009E-06  -5.57165E-09
     3     7     2     9    38    36   4.92820E+02   4.92820E+02  -9.13533E-07  -1.85369E-09
     3     7     2    10    38    36   6.13519E+02   6.13520E+02   2.46654E-05   4.02031E-08
     3     7     2    11    38    36   6.91757E+02   6.91757E+02  -2.46654E-05  -3.56562E-08
     3     7     2    12    38    36   7.45741E+02   7.45741E+02   9.13533E-07   1.22500E-09
     3     8     1     1    39    37   1.11342E-02   1.11342E-02  -1.96315E-09  -1.76317E-07
     3     8     1     2    39    37   1.10971E-02   1.10971E-02  -1.71162E-11  -1.54241E-09
     3     8     1     3    39    37   1.11194E-02   1.11194E-02   4.62136E-10   4.15612E-08
     3     8     1     4    39    37   1.11393E-02   1.11393E-02  -4.62136E-10  -4.14869E-08
     3     8     1     5    39    37   1.11581E-02   1.11581E-02   1.71162E-11   1.53397E-09
     3     8     1     6    39    37   1.11116E-02   1.11116E-02   7.27092E-11   6.54354E-09
     3     8     1     7    39    37   1.11541E-02   1.11541E-02   1.96315E-09   1.76002E-07
     3     8     1     8    39    37   1.11728E-02   1.11728E-02  -7.27092E-11  -6.50772E-09
     3     8     1     9    39    37   1.11387E-02   1.11387E-02  -1.43768E-11  -1.29071E-09
     3     8     1    10    39    37   1.11619E-02   1.11619E-02   3.88174E-10   3.47766E-08
     3     8     1    11    39    37   1.11819E-02   1.11819E-02  -3.88174E-10  -3.47145E-08
     3     8     1    12    39    37   1.12004E-02   1.12004E-02   1.43768E-11   1.28360E-09
     4    10     1     1    41    38   1.74802E+02   1.74801E+02  -3.04897E-05  -1.74425E-07
     4    10     1     2    41    38   1.77991E+02   1.77991E+02  -2.65831E-07  -1.49351E-09
     4    10     1     3    41    38   1.78297E+02   1.78297E+02   7.17745E-06   4.02556E-08
     4    10     1     4    41    38   1.78064E+02   1.78064E+02  -7.17745E-06  -4.03083E-08
     4    10     1     5    41    38   1.77620E+02   1.77620E+02   2.65831E-07   1.49663E-09
     4    10     1     6    41    38   1.74443E+02   1.74443E+02   1.12925E-06   6.47344E-09
     4    10     1     7    41    38   1.74612E+02   1.74612E+02   3.04897E-05   1.74614E-07
     4    10     1     8    41    38   1.74208E+02   1.74208E+02  -1.12925E-06  -6.48219E-09
     4    10     1     9    41    38   1.67769E+02   1.67769E+02  -2.23287E-07  -1.33092E-09
     4    10     1    10    41    38   1.68190E+02   1.68190E+02   6.02874E-06   3.58449E-08
     4    10     1    11    41    38   1.68073E+02   1.68073E+02  -6.02874E-06  -3.58697E-08
     4    10     1    12    41    38   1.67736E+02   1.67736E+02   2.23287E-07   1.33118E-09
     4    10     2     1    42    39   4.47015E+04   4.47015E+04  -8.01516E-03  -1.79304E-07
     4    10     2     2    42    39   3.93099E+04   3.93099E+04  -6.98820E-05  -1.77772E-09
     4    10     2     3    42    39   4.83088E+04   4.83088E+04   1.88681E-03   3.90574E-08
     4    10     2     4    42    39   5.33624E+04   5.33624E+04  -1.88681E-03  -3.53585E-08
     4    10     2     5    42    39   5.64646E+04   5.64646E+04   6.98820E-05   1.23762E-09
     4    10     2     6    42    39   3.62083E+04   3.62083E+04   2.96858E-04   8.19860E-09
     4    10     2     7    42    39   4.96662E+04   4.96662E+04   8.01516E-03   1.61380E-07
     4    10     2     8    42    39   5.28447E+04   5.28447E+04  -2.96858E-04  -5.61755E-09
     4    10     2     9    42    39   3.16832E+04   3.16832E+04  -5.86979E-05  -1.85265E-09
     4    10     2    10    42    39   3.91830E+04   3.91830E+04   1.58484E-03   4.04472E-08
     4    10     2    11    42    39   4.39384E+04   4.39384E+04  -1.58484E-03  -3.60696E-08
     4    10     2    12    42    39   4.71319E+04   4.71319E+04   5.86978E-05   1.24539E-09
     4    11     1     1    43    40   6.78596E-14   6.78596E-14  -1.23994E-20  -1.23994E-20
     4    11     1     2    43    40   5.99228E-14   5.99228E-14  -1.08107E-22  -1.08107E-22
     4    11     1     3    43    40   6.44904E-14   6.44904E-14   2.91890E-21   2.91890E-21
     4    11     1     4    43    40   6.85493E-14   6.85493E-14  -2.91890E-21  -2.91890E-21
     4    11     1     5    43    40   7.23729E-14   7.23729E-14   1.08107E-22   1.08107E-22
     4    11     1     6    43    40   6.32100E-14   6.32100E-14   4.59239E-22   4.59239E-22
     4    11     1     7    43    40   7.19379E-14   7.19379E-14   1.23994E-20   1.23994E-20
     4    11     1     8    43    40   7.57560E-14   7.57560E-14  -4.59239E-22  -4.59239E-22
     4    11     1     9    43    40   6.94040E-14   6.94040E-14  -9.08055E-23  -9.08055E-23
     4    11     1    10    43    40   7.42262E-14   7.42262E-14   2.45175E-21   2.45175E-21
     4    11     1    11    43    40   7.83663E-14   7.83663E-14  -2.45175E-21  -2.45175E-21
     4    11     1    12    43    40   8.21926E-14   8.21926E-14   9.08055E-23   9.08055E-23
