     1     1   1.64055E-01   1.64055E-01   2.98744E-08   1.82099E-07
     1     2   1.64142E-01   1.64142E-01   2.53602E-10   1.54502E-09
     1     3   1.64086E-01   1.64086E-01  -6.96563E-09  -4.24510E-08
     1     4   1.64033E-01   1.64033E-01   6.61055E-09   4.03002E-08
     1     5   1.63982E-01   1.63982E-01  -2.49219E-10  -1.51980E-09
     1     6   1.64113E-01   1.64113E-01  -1.08192E-09  -6.59256E-09
     1     7   1.64002E-01   1.64002E-01  -2.78870E-08  -1.70041E-07
     1     8   1.63951E-01   1.63951E-01   1.05739E-09   6.44944E-09
     1     9   1.64113E-01   1.64113E-01   2.12943E-10   1.29754E-09
     1    10   1.64054E-01   1.64054E-01  -5.84732E-09  -3.56428E-08
     1    11   1.63999E-01   1.63999E-01   5.55373E-09   3.38643E-08
     1    12   1.63948E-01   1.63948E-01  -2.09318E-10  -1.27674E-09
 *******************************
     2     1   7.91710E-01   7.91711E-01   1.38885E-07   1.75424E-07
     2     2   8.00032E-01   8.00032E-01   1.21090E-09   1.51356E-09
     2     3   7.92847E-01   7.92847E-01  -3.26943E-08  -4.12365E-08
     2     4   7.86984E-01   7.86984E-01   3.26943E-08   4.15438E-08
     2     5   7.81912E-01   7.81912E-01  -1.21090E-09  -1.54864E-09
     2     6   7.98815E-01   7.98815E-01  -5.14388E-09  -6.43939E-09
     2     7   7.86094E-01   7.86094E-01  -1.38885E-07  -1.76677E-07
     2     8   7.81190E-01   7.81190E-01   5.14388E-09   6.58467E-09
     2     9   7.95296E-01   7.95296E-01   1.01710E-09   1.27890E-09
     2    10   7.88617E-01   7.88617E-01  -2.74618E-08  -3.48227E-08
     2    11   7.83271E-01   7.83271E-01   2.74618E-08   3.50604E-08
     2    12   7.78639E-01   7.78639E-01  -1.01710E-09  -1.30626E-09
 *******************************
     3     1   7.67968E-04   7.67968E-04   1.42417E-10   1.85447E-07
     3     2   7.64148E-04   7.64148E-04   1.15186E-12   1.50738E-09
     3     3   7.69025E-04   7.69025E-04  -3.23611E-11  -4.20807E-08
     3     4   7.73903E-04   7.73903E-04   2.85783E-11   3.69274E-08
     3     5   7.78781E-04   7.78781E-04  -1.10514E-12  -1.41907E-09
     3     6   7.63453E-04   7.63453E-04  -5.01544E-12  -6.56942E-09
     3     7   7.72487E-04   7.72487E-04  -1.21251E-10  -1.56962E-07
     3     8   7.77006E-04   7.77006E-04   4.74772E-12   6.11027E-09
     3     9   7.62229E-04   7.62229E-04   9.67600E-13   1.26943E-09
     3    10   7.66173E-04   7.66173E-04  -2.71676E-11  -3.54589E-08
     3    11   7.70121E-04   7.70121E-04   2.40398E-11   3.12156E-08
     3    12   7.74069E-04   7.74069E-04  -9.28965E-13  -1.20011E-09
 *******************************
     4     1   1.73040E-02   1.73040E-02   3.06153E-09   1.76926E-07
     4     2   1.70758E-02   1.70758E-02   2.66926E-11   1.56319E-09
     4     3   1.73557E-02   1.73557E-02  -7.20701E-10  -4.15252E-08
     4     4   1.76008E-02   1.76008E-02   7.20701E-10   4.09470E-08
     4     5   1.78181E-02   1.78181E-02  -2.66926E-11  -1.49806E-09
     4     6   1.70530E-02   1.70530E-02  -1.13390E-10  -6.64928E-09
     4     7   1.75291E-02   1.75291E-02  -3.06153E-09  -1.74654E-07
     4     8   1.77301E-02   1.77301E-02   1.13390E-10   6.39534E-09
     4     9   1.70276E-02   1.70276E-02   2.24206E-11   1.31672E-09
     4    10   1.72414E-02   1.72414E-02  -6.05357E-10  -3.51108E-08
     4    11   1.74348E-02   1.74348E-02   6.05358E-10   3.47212E-08
     4    12   1.76111E-02   1.76111E-02  -2.24207E-11  -1.27310E-09
 *******************************
     5     1   0.00000E+00   0.00000E+00   0.00000E+00   0.00000E+00
     5     2   0.00000E+00   0.00000E+00   0.00000E+00   0.00000E+00
     5     3   0.00000E+00   0.00000E+00   0.00000E+00   0.00000E+00
     5     4   0.00000E+00   0.00000E+00   0.00000E+00   0.00000E+00
     5     5   0.00000E+00   0.00000E+00   0.00000E+00   0.00000E+00
     5     6   0.00000E+00   0.00000E+00   0.00000E+00   0.00000E+00
     5     7   0.00000E+00   0.00000E+00   0.00000E+00   0.00000E+00
     5     8   0.00000E+00   0.00000E+00   0.00000E+00   0.00000E+00
     5     9   0.00000E+00   0.00000E+00   0.00000E+00   0.00000E+00
     5    10   0.00000E+00   0.00000E+00   0.00000E+00   0.00000E+00
     5    11   0.00000E+00   0.00000E+00   0.00000E+00   0.00000E+00
     5    12   0.00000E+00   0.00000E+00   0.00000E+00   0.00000E+00
 *******************************
     6     1   0.00000E+00   0.00000E+00   0.00000E+00   0.00000E+00
     6     2   0.00000E+00   0.00000E+00   0.00000E+00   0.00000E+00
     6     3   0.00000E+00   0.00000E+00   0.00000E+00   0.00000E+00
     6     4   0.00000E+00   0.00000E+00   0.00000E+00   0.00000E+00
     6     5   0.00000E+00   0.00000E+00   0.00000E+00   0.00000E+00
     6     6   0.00000E+00   0.00000E+00   0.00000E+00   0.00000E+00
     6     7   0.00000E+00   0.00000E+00   0.00000E+00   0.00000E+00
     6     8   0.00000E+00   0.00000E+00   0.00000E+00   0.00000E+00
     6     9   0.00000E+00   0.00000E+00   0.00000E+00   0.00000E+00
     6    10   0.00000E+00   0.00000E+00   0.00000E+00   0.00000E+00
     6    11   0.00000E+00   0.00000E+00   0.00000E+00   0.00000E+00
     6    12   0.00000E+00   0.00000E+00   0.00000E+00   0.00000E+00
 *******************************
     7     1   0.00000E+00   0.00000E+00   0.00000E+00   0.00000E+00
     7     2   0.00000E+00   0.00000E+00   0.00000E+00   0.00000E+00
     7     3   0.00000E+00   0.00000E+00   0.00000E+00   0.00000E+00
     7     4   0.00000E+00   0.00000E+00   0.00000E+00   0.00000E+00
     7     5   0.00000E+00   0.00000E+00   0.00000E+00   0.00000E+00
     7     6   0.00000E+00   0.00000E+00   0.00000E+00   0.00000E+00
     7     7   0.00000E+00   0.00000E+00   0.00000E+00   0.00000E+00
     7     8   0.00000E+00   0.00000E+00   0.00000E+00   0.00000E+00
     7     9   0.00000E+00   0.00000E+00   0.00000E+00   0.00000E+00
     7    10   0.00000E+00   0.00000E+00   0.00000E+00   0.00000E+00
     7    11   0.00000E+00   0.00000E+00   0.00000E+00   0.00000E+00
     7    12   0.00000E+00   0.00000E+00   0.00000E+00   0.00000E+00
 *******************************
     8     1   0.00000E+00   0.00000E+00   0.00000E+00   0.00000E+00
     8     2   0.00000E+00   0.00000E+00   0.00000E+00   0.00000E+00
     8     3   0.00000E+00   0.00000E+00   0.00000E+00   0.00000E+00
     8     4   0.00000E+00   0.00000E+00   0.00000E+00   0.00000E+00
     8     5   0.00000E+00   0.00000E+00   0.00000E+00   0.00000E+00
     8     6   0.00000E+00   0.00000E+00   0.00000E+00   0.00000E+00
     8     7   0.00000E+00   0.00000E+00   0.00000E+00   0.00000E+00
     8     8   0.00000E+00   0.00000E+00   0.00000E+00   0.00000E+00
     8     9   0.00000E+00   0.00000E+00   0.00000E+00   0.00000E+00
     8    10   0.00000E+00   0.00000E+00   0.00000E+00   0.00000E+00
     8    11   0.00000E+00   0.00000E+00   0.00000E+00   0.00000E+00
     8    12   0.00000E+00   0.00000E+00   0.00000E+00   0.00000E+00
 *******************************
     9     1   0.00000E+00   0.00000E+00   0.00000E+00   0.00000E+00
     9     2   0.00000E+00   0.00000E+00   0.00000E+00   0.00000E+00
     9     3   0.00000E+00   0.00000E+00   0.00000E+00   0.00000E+00
     9     4   0.00000E+00   0.00000E+00   0.00000E+00   0.00000E+00
     9     5   0.00000E+00   0.00000E+00   0.00000E+00   0.00000E+00
     9     6   0.00000E+00   0.00000E+00   0.00000E+00   0.00000E+00
     9     7   0.00000E+00   0.00000E+00   0.00000E+00   0.00000E+00
     9     8   0.00000E+00   0.00000E+00   0.00000E+00   0.00000E+00
     9     9   0.00000E+00   0.00000E+00   0.00000E+00   0.00000E+00
     9    10   0.00000E+00   0.00000E+00   0.00000E+00   0.00000E+00
     9    11   0.00000E+00   0.00000E+00   0.00000E+00   0.00000E+00
     9    12   0.00000E+00   0.00000E+00   0.00000E+00   0.00000E+00
 *******************************
    10     1   0.00000E+00   0.00000E+00   0.00000E+00   0.00000E+00
    10     2   0.00000E+00   0.00000E+00   0.00000E+00   0.00000E+00
    10     3   0.00000E+00   0.00000E+00   0.00000E+00   0.00000E+00
    10     4   0.00000E+00   0.00000E+00   0.00000E+00   0.00000E+00
    10     5   0.00000E+00   0.00000E+00   0.00000E+00   0.00000E+00
    10     6   0.00000E+00   0.00000E+00   0.00000E+00   0.00000E+00
    10     7   0.00000E+00   0.00000E+00   0.00000E+00   0.00000E+00
    10     8   0.00000E+00   0.00000E+00   0.00000E+00   0.00000E+00
    10     9   0.00000E+00   0.00000E+00   0.00000E+00   0.00000E+00
    10    10   0.00000E+00   0.00000E+00   0.00000E+00   0.00000E+00
    10    11   0.00000E+00   0.00000E+00   0.00000E+00   0.00000E+00
    10    12   0.00000E+00   0.00000E+00   0.00000E+00   0.00000E+00
 *******************************
    11     1   0.00000E+00   0.00000E+00   0.00000E+00   0.00000E+00
    11     2   0.00000E+00   0.00000E+00   0.00000E+00   0.00000E+00
    11     3   0.00000E+00   0.00000E+00   0.00000E+00   0.00000E+00
    11     4   0.00000E+00   0.00000E+00   0.00000E+00   0.00000E+00
    11     5   0.00000E+00   0.00000E+00   0.00000E+00   0.00000E+00
    11     6   0.00000E+00   0.00000E+00   0.00000E+00   0.00000E+00
    11     7   0.00000E+00   0.00000E+00   0.00000E+00   0.00000E+00
    11     8   0.00000E+00   0.00000E+00   0.00000E+00   0.00000E+00
    11     9   0.00000E+00   0.00000E+00   0.00000E+00   0.00000E+00
    11    10   0.00000E+00   0.00000E+00   0.00000E+00   0.00000E+00
    11    11   0.00000E+00   0.00000E+00   0.00000E+00   0.00000E+00
    11    12   0.00000E+00   0.00000E+00   0.00000E+00   0.00000E+00
 *******************************
    12     1   0.00000E+00   0.00000E+00   0.00000E+00   0.00000E+00
    12     2   0.00000E+00   0.00000E+00   0.00000E+00   0.00000E+00
    12     3   0.00000E+00   0.00000E+00   0.00000E+00   0.00000E+00
    12     4   0.00000E+00   0.00000E+00   0.00000E+00   0.00000E+00
    12     5   0.00000E+00   0.00000E+00   0.00000E+00   0.00000E+00
    12     6   0.00000E+00   0.00000E+00   0.00000E+00   0.00000E+00
    12     7   0.00000E+00   0.00000E+00   0.00000E+00   0.00000E+00
    12     8   0.00000E+00   0.00000E+00   0.00000E+00   0.00000E+00
    12     9   0.00000E+00   0.00000E+00   0.00000E+00   0.00000E+00
    12    10   0.00000E+00   0.00000E+00   0.00000E+00   0.00000E+00
    12    11   0.00000E+00   0.00000E+00   0.00000E+00   0.00000E+00
    12    12   0.00000E+00   0.00000E+00   0.00000E+00   0.00000E+00
 *******************************
    13     1   1.86495E-01   1.86495E-01   3.26637E-08   1.75145E-07
    13     2   1.86675E-01   1.86675E-01   2.84782E-10   1.52555E-09
    13     3   1.86572E-01   1.86572E-01  -7.68919E-09  -4.12129E-08
    13     4   1.86473E-01   1.86473E-01   7.68900E-09   4.12339E-08
    13     5   1.86376E-01   1.86376E-01  -2.84780E-10  -1.52799E-09
    13     6   1.86604E-01   1.86604E-01  -1.20975E-09  -6.48300E-09
    13     7   1.86393E-01   1.86393E-01  -3.26627E-08  -1.75236E-07
    13     8   1.86294E-01   1.86294E-01   1.20974E-09   6.49372E-09
    13     9   1.86533E-01   1.86533E-01   2.39205E-10   1.28237E-09
    13    10   1.86412E-01   1.86412E-01  -6.45858E-09  -3.46467E-08
    13    11   1.86306E-01   1.86306E-01   6.45843E-09   3.46657E-08
    13    12   1.86205E-01   1.86205E-01  -2.39203E-10  -1.28462E-09
 *******************************
    14     1   2.53641E-02   2.53641E-02   4.48993E-09   1.77019E-07
    14     2   2.54642E-02   2.54642E-02   3.39062E-11   1.33152E-09
    14     3   2.54323E-02   2.54323E-02  -1.00917E-09  -3.96805E-08
    14     4   2.54020E-02   2.54020E-02   7.28067E-10   2.86619E-08
    14     5   2.53729E-02   2.53729E-02  -3.04358E-11  -1.19954E-09
    14     6   2.53946E-02   2.53946E-02  -1.46871E-10  -5.78355E-09
    14     7   2.53350E-02   2.53350E-02  -2.91665E-09  -1.15124E-07
    14     8   2.53071E-02   2.53071E-02   1.27447E-10   5.03603E-09
    14     9   2.52721E-02   2.52721E-02   2.84832E-11   1.12706E-09
    14    10   2.52441E-02   2.52441E-02  -8.46522E-10  -3.35335E-08
    14    11   2.52171E-02   2.52171E-02   6.14097E-10   2.43524E-08
    14    12   2.51912E-02   2.51912E-02  -2.56138E-11  -1.01677E-09
 *******************************
    15     1   4.11732E-04   4.11732E-04  -7.25958E-11  -1.76318E-07
    15     2   4.02816E-04   4.02816E-04  -6.32943E-13  -1.57130E-09
    15     3   4.07980E-04   4.07980E-04   1.70895E-11   4.18880E-08
    15     4   4.12797E-04   4.12797E-04  -1.70895E-11  -4.13992E-08
    15     5   4.17179E-04   4.17179E-04   6.32943E-13   1.51720E-09
    15     6   4.06725E-04   4.06725E-04   2.68873E-12   6.61070E-09
    15     7   4.15962E-04   4.15962E-04   7.25958E-11   1.74525E-07
    15     8   4.19997E-04   4.19997E-04  -2.68873E-12  -6.40180E-09
    15     9   4.13446E-04   4.13446E-04  -5.31645E-13  -1.28589E-09
    15    10   4.17504E-04   4.17504E-04   1.43544E-11   3.43815E-08
    15    11   4.21239E-04   4.21239E-04  -1.43544E-11  -3.40766E-08
    15    12   4.24697E-04   4.24697E-04   5.31645E-13   1.25182E-09
 *******************************
    16     1   8.85857E-01   8.85857E-01   1.55165E-07   1.75158E-07
    16     2   8.94808E-01   8.94808E-01   1.35284E-09   1.51188E-09
    16     3   8.89830E-01   8.89830E-01  -3.65267E-08  -4.10491E-08
    16     4   8.85495E-01   8.85495E-01   3.65267E-08   4.12501E-08
    16     5   8.81638E-01   8.81638E-01  -1.35284E-09  -1.53446E-09
    16     6   8.90533E-01   8.90533E-01  -5.74685E-09  -6.45327E-09
    16     7   8.81955E-01   8.81955E-01  -1.55165E-07  -1.75933E-07
    16     8   8.78419E-01   8.78419E-01   5.74685E-09   6.54227E-09
    16     9   8.84102E-01   8.84102E-01   1.13633E-09   1.28529E-09
    16    10   8.80043E-01   8.80043E-01  -3.06809E-08  -3.48629E-08
    16    11   8.76566E-01   8.76566E-01   3.06809E-08   3.50012E-08
    16    12   8.73439E-01   8.73439E-01  -1.13633E-09  -1.30098E-09
 *******************************
    17     1   1.00000E+00   1.00000E+00   0.00000E+00   0.00000E+00
    17     2   1.00000E+00   1.00000E+00   0.00000E+00   0.00000E+00
    17     3   1.00000E+00   1.00000E+00   0.00000E+00   0.00000E+00
    17     4   1.00000E+00   1.00000E+00   0.00000E+00   0.00000E+00
    17     5   1.00000E+00   1.00000E+00   0.00000E+00   0.00000E+00
    17     6   1.00000E+00   1.00000E+00   0.00000E+00   0.00000E+00
    17     7   1.00000E+00   1.00000E+00   0.00000E+00   0.00000E+00
    17     8   1.00000E+00   1.00000E+00   0.00000E+00   0.00000E+00
    17     9   1.00000E+00   1.00000E+00   0.00000E+00   0.00000E+00
    17    10   1.00000E+00   1.00000E+00   0.00000E+00   0.00000E+00
    17    11   1.00000E+00   1.00000E+00   0.00000E+00   0.00000E+00
    17    12   1.00000E+00   1.00000E+00   0.00000E+00   0.00000E+00
 *******************************
    18     1   1.00000E+00   1.00000E+00   0.00000E+00   0.00000E+00
    18     2   1.00000E+00   1.00000E+00   0.00000E+00   0.00000E+00
    18     3   1.00000E+00   1.00000E+00   0.00000E+00   0.00000E+00
    18     4   1.00000E+00   1.00000E+00   0.00000E+00   0.00000E+00
    18     5   1.00000E+00   1.00000E+00   0.00000E+00   0.00000E+00
    18     6   1.00000E+00   1.00000E+00   0.00000E+00   0.00000E+00
    18     7   1.00000E+00   1.00000E+00   0.00000E+00   0.00000E+00
    18     8   1.00000E+00   1.00000E+00   0.00000E+00   0.00000E+00
    18     9   1.00000E+00   1.00000E+00   0.00000E+00   0.00000E+00
    18    10   1.00000E+00   1.00000E+00   0.00000E+00   0.00000E+00
    18    11   1.00000E+00   1.00000E+00   0.00000E+00   0.00000E+00
    18    12   1.00000E+00   1.00000E+00   0.00000E+00   0.00000E+00
 *******************************
    19     1   1.00000E+00   1.00000E+00   0.00000E+00   0.00000E+00
    19     2   1.00000E+00   1.00000E+00   0.00000E+00   0.00000E+00
    19     3   1.00000E+00   1.00000E+00   0.00000E+00   0.00000E+00
    19     4   1.00000E+00   1.00000E+00   0.00000E+00   0.00000E+00
    19     5   1.00000E+00   1.00000E+00   0.00000E+00   0.00000E+00
    19     6   1.00000E+00   1.00000E+00   0.00000E+00   0.00000E+00
    19     7   1.00000E+00   1.00000E+00   0.00000E+00   0.00000E+00
    19     8   1.00000E+00   1.00000E+00   0.00000E+00   0.00000E+00
    19     9   1.00000E+00   1.00000E+00   0.00000E+00   0.00000E+00
    19    10   1.00000E+00   1.00000E+00   0.00000E+00   0.00000E+00
    19    11   1.00000E+00   1.00000E+00   0.00000E+00   0.00000E+00
    19    12   1.00000E+00   1.00000E+00   0.00000E+00   0.00000E+00
 *******************************
    20     1   1.00000E+00   1.00000E+00   0.00000E+00   0.00000E+00
    20     2   1.00000E+00   1.00000E+00   0.00000E+00   0.00000E+00
    20     3   1.00000E+00   1.00000E+00   0.00000E+00   0.00000E+00
    20     4   1.00000E+00   1.00000E+00   0.00000E+00   0.00000E+00
    20     5   1.00000E+00   1.00000E+00   0.00000E+00   0.00000E+00
    20     6   1.00000E+00   1.00000E+00   0.00000E+00   0.00000E+00
    20     7   1.00000E+00   1.00000E+00   0.00000E+00   0.00000E+00
    20     8   1.00000E+00   1.00000E+00   0.00000E+00   0.00000E+00
    20     9   1.00000E+00   1.00000E+00   0.00000E+00   0.00000E+00
    20    10   1.00000E+00   1.00000E+00   0.00000E+00   0.00000E+00
    20    11   1.00000E+00   1.00000E+00   0.00000E+00   0.00000E+00
    20    12   1.00000E+00   1.00000E+00   0.00000E+00   0.00000E+00
 *******************************
    21     1   1.00000E+00   1.00000E+00   0.00000E+00   0.00000E+00
    21     2   1.00000E+00   1.00000E+00   0.00000E+00   0.00000E+00
    21     3   1.00000E+00   1.00000E+00   0.00000E+00   0.00000E+00
    21     4   1.00000E+00   1.00000E+00   0.00000E+00   0.00000E+00
    21     5   1.00000E+00   1.00000E+00   0.00000E+00   0.00000E+00
    21     6   1.00000E+00   1.00000E+00   0.00000E+00   0.00000E+00
    21     7   1.00000E+00   1.00000E+00   0.00000E+00   0.00000E+00
    21     8   1.00000E+00   1.00000E+00   0.00000E+00   0.00000E+00
    21     9   1.00000E+00   1.00000E+00   0.00000E+00   0.00000E+00
    21    10   1.00000E+00   1.00000E+00   0.00000E+00   0.00000E+00
    21    11   1.00000E+00   1.00000E+00   0.00000E+00   0.00000E+00
    21    12   1.00000E+00   1.00000E+00   0.00000E+00   0.00000E+00
 *******************************
    22     1   1.00000E+00   1.00000E+00   0.00000E+00   0.00000E+00
    22     2   1.00000E+00   1.00000E+00   0.00000E+00   0.00000E+00
    22     3   1.00000E+00   1.00000E+00   0.00000E+00   0.00000E+00
    22     4   1.00000E+00   1.00000E+00   0.00000E+00   0.00000E+00
    22     5   1.00000E+00   1.00000E+00   0.00000E+00   0.00000E+00
    22     6   1.00000E+00   1.00000E+00   0.00000E+00   0.00000E+00
    22     7   1.00000E+00   1.00000E+00   0.00000E+00   0.00000E+00
    22     8   1.00000E+00   1.00000E+00   0.00000E+00   0.00000E+00
    22     9   1.00000E+00   1.00000E+00   0.00000E+00   0.00000E+00
    22    10   1.00000E+00   1.00000E+00   0.00000E+00   0.00000E+00
    22    11   1.00000E+00   1.00000E+00   0.00000E+00   0.00000E+00
    22    12   1.00000E+00   1.00000E+00   0.00000E+00   0.00000E+00
 *******************************
    23     1   1.00000E+00   1.00000E+00   0.00000E+00   0.00000E+00
    23     2   1.00000E+00   1.00000E+00   0.00000E+00   0.00000E+00
    23     3   1.00000E+00   1.00000E+00   0.00000E+00   0.00000E+00
    23     4   1.00000E+00   1.00000E+00   0.00000E+00   0.00000E+00
    23     5   1.00000E+00   1.00000E+00   0.00000E+00   0.00000E+00
    23     6   1.00000E+00   1.00000E+00   0.00000E+00   0.00000E+00
    23     7   1.00000E+00   1.00000E+00   0.00000E+00   0.00000E+00
    23     8   1.00000E+00   1.00000E+00   0.00000E+00   0.00000E+00
    23     9   1.00000E+00   1.00000E+00   0.00000E+00   0.00000E+00
    23    10   1.00000E+00   1.00000E+00   0.00000E+00   0.00000E+00
    23    11   1.00000E+00   1.00000E+00   0.00000E+00   0.00000E+00
    23    12   1.00000E+00   1.00000E+00   0.00000E+00   0.00000E+00
 *******************************
    24     1   1.00000E+00   1.00000E+00   0.00000E+00   0.00000E+00
    24     2   1.00000E+00   1.00000E+00   0.00000E+00   0.00000E+00
    24     3   1.00000E+00   1.00000E+00   0.00000E+00   0.00000E+00
    24     4   1.00000E+00   1.00000E+00   0.00000E+00   0.00000E+00
    24     5   1.00000E+00   1.00000E+00   0.00000E+00   0.00000E+00
    24     6   1.00000E+00   1.00000E+00   0.00000E+00   0.00000E+00
    24     7   1.00000E+00   1.00000E+00   0.00000E+00   0.00000E+00
    24     8   1.00000E+00   1.00000E+00   0.00000E+00   0.00000E+00
    24     9   1.00000E+00   1.00000E+00   0.00000E+00   0.00000E+00
    24    10   1.00000E+00   1.00000E+00   0.00000E+00   0.00000E+00
    24    11   1.00000E+00   1.00000E+00   0.00000E+00   0.00000E+00
    24    12   1.00000E+00   1.00000E+00   0.00000E+00   0.00000E+00
 *******************************
    25     1   1.03648E+00   1.03648E+00   5.66330E-08   5.46395E-08
    25     2   1.03388E+00   1.03388E+00   8.06988E-10   7.80543E-10
    25     3   1.03463E+00   1.03463E+00  -1.62654E-08  -1.57209E-08
    25     4   1.03533E+00   1.03533E+00   3.28352E-08   3.17147E-08
    25     5   1.03598E+00   1.03598E+00  -1.01155E-09  -9.76425E-10
    25     6   1.03577E+00   1.03577E+00  -3.24240E-09  -3.13043E-09
    25     7   1.03715E+00   1.03715E+00  -1.49372E-07  -1.44022E-07
    25     8   1.03776E+00   1.03776E+00   4.38741E-09   4.22778E-09
    25     9   1.03913E+00   1.03913E+00   6.79615E-10   6.54022E-10
    25    10   1.03979E+00   1.03979E+00  -1.37828E-08  -1.32554E-08
    25    11   1.04039E+00   1.04039E+00   2.74833E-08   2.64164E-08
    25    12   1.04095E+00   1.04095E+00  -8.48758E-10  -8.15369E-10
 *******************************
    26     1   9.55517E-01   9.55517E-01   1.69622E-07   1.77519E-07
    26     2   9.51491E-01   9.51491E-01   1.47889E-09   1.55429E-09
    26     3   9.62055E-01   9.62055E-01  -3.99301E-08  -4.15050E-08
    26     4   9.71344E-01   9.71344E-01   3.99301E-08   4.11081E-08
    26     5   9.79532E-01   9.79532E-01  -1.47889E-09  -1.50979E-09
    26     6   9.46438E-01   9.46438E-01  -6.28231E-09  -6.63785E-09
    26     7   9.63936E-01   9.63936E-01  -1.69622E-07  -1.75968E-07
    26     8   9.71278E-01   9.71278E-01   6.28231E-09   6.46808E-09
    26     9   9.38368E-01   9.38368E-01   1.24220E-09   1.32379E-09
    26    10   9.45792E-01   9.45792E-01  -3.35395E-08  -3.54618E-08
    26    11   9.52603E-01   9.52603E-01   3.35395E-08   3.52083E-08
    26    12   9.58855E-01   9.58855E-01  -1.24220E-09  -1.29551E-09
 *******************************
    27     1   1.00000E+00   1.00000E+00   0.00000E+00   0.00000E+00
    27     2   1.00000E+00   1.00000E+00   0.00000E+00   0.00000E+00
    27     3   1.00000E+00   1.00000E+00   0.00000E+00   0.00000E+00
    27     4   1.00000E+00   1.00000E+00   0.00000E+00   0.00000E+00
    27     5   1.00000E+00   1.00000E+00   0.00000E+00   0.00000E+00
    27     6   1.00000E+00   1.00000E+00   0.00000E+00   0.00000E+00
    27     7   1.00000E+00   1.00000E+00   0.00000E+00   0.00000E+00
    27     8   1.00000E+00   1.00000E+00   0.00000E+00   0.00000E+00
    27     9   1.00000E+00   1.00000E+00   0.00000E+00   0.00000E+00
    27    10   1.00000E+00   1.00000E+00   0.00000E+00   0.00000E+00
    27    11   1.00000E+00   1.00000E+00   0.00000E+00   0.00000E+00
    27    12   1.00000E+00   1.00000E+00   0.00000E+00   0.00000E+00
 *******************************
    28     1   1.00000E+00   1.00000E+00   0.00000E+00   0.00000E+00
    28     2   1.00000E+00   1.00000E+00   0.00000E+00   0.00000E+00
    28     3   1.00000E+00   1.00000E+00   0.00000E+00   0.00000E+00
    28     4   1.00000E+00   1.00000E+00   0.00000E+00   0.00000E+00
    28     5   1.00000E+00   1.00000E+00   0.00000E+00   0.00000E+00
    28     6   1.00000E+00   1.00000E+00   0.00000E+00   0.00000E+00
    28     7   1.00000E+00   1.00000E+00   0.00000E+00   0.00000E+00
    28     8   1.00000E+00   1.00000E+00   0.00000E+00   0.00000E+00
    28     9   1.00000E+00   1.00000E+00   0.00000E+00   0.00000E+00
    28    10   1.00000E+00   1.00000E+00   0.00000E+00   0.00000E+00
    28    11   1.00000E+00   1.00000E+00   0.00000E+00   0.00000E+00
    28    12   1.00000E+00   1.00000E+00   0.00000E+00   0.00000E+00
 *******************************
 -------------------------------
     1     1     1     1    29    29   1.52651E+00   1.52651E+00  -2.68819E-07  -1.76100E-07
     1     1     1     2    29    29   1.55470E+00   1.55470E+00  -2.34376E-09  -1.50753E-09
     1     1     1     3    29    29   1.54829E+00   1.54829E+00   6.32815E-08   4.08718E-08
     1     1     1     4    29    29   1.54203E+00   1.54203E+00  -6.32818E-08  -4.10381E-08
     1     1     1     5    29    29   1.53588E+00   1.53588E+00   2.34377E-09   1.52601E-09
     1     1     1     6    29    29   1.53272E+00   1.53272E+00   9.95627E-09   6.49582E-09
     1     1     1     7    29    29   1.52042E+00   1.52042E+00   2.68821E-07   1.76807E-07
     1     1     1     8    29    29   1.51446E+00   1.51446E+00  -9.95630E-09  -6.57418E-09
     1     1     1     9    29    29   1.49104E+00   1.49104E+00  -1.96866E-09  -1.32032E-09
     1     1     1    10    29    29   1.48519E+00   1.48519E+00   5.31537E-08   3.57892E-08
     1     1     1    11    29    29   1.47946E+00   1.47946E+00  -5.31540E-08  -3.59280E-08
     1     1     1    12    29    29   1.47383E+00   1.47383E+00   1.96866E-09   1.33574E-09
     1     1     2     1    30    30   3.89617E+01   3.89617E+01  -6.72569E-06  -1.72623E-07
     1     1     2     2    30    30   4.20001E+01   4.20001E+01  -5.86395E-08  -1.39618E-09
     1     1     2     3    30    30   4.08188E+01   4.08188E+01   1.58327E-06   3.87876E-08
     1     1     2     4    30    30   3.97124E+01   3.97124E+01  -1.58327E-06  -3.98683E-08
     1     1     2     5    30    30   3.86661E+01   3.86661E+01   5.86395E-08   1.51656E-09
     1     1     2     6    30    30   4.00337E+01   4.00337E+01   2.49100E-07   6.22225E-09
     1     1     2     7    30    30   3.79315E+01   3.79316E+01   6.72569E-06   1.77311E-07
     1     1     2     8    30    30   3.69649E+01   3.69649E+01  -2.49100E-07  -6.73881E-09
     1     1     2     9    30    30   3.69473E+01   3.69473E+01  -4.92546E-08  -1.33311E-09
     1     1     2    10    30    30   3.60017E+01   3.60017E+01   1.32987E-06   3.69392E-08
     1     1     2    11    30    30   3.51066E+01   3.51066E+01  -1.32987E-06  -3.78810E-08
     1     1     2    12    30    30   3.42569E+01   3.42569E+01   4.92546E-08   1.43780E-09
     1     2     1     1    31    31   6.32081E-02   6.32081E-02  -4.26114E-09  -6.74145E-08
     1     2     1     2    31    31   6.31714E-02   6.31714E-02  -1.43539E-11  -2.27221E-10
     1     2     1     3    31    31   6.31910E-02   6.31910E-02   7.91242E-10   1.25214E-08
     1     2     1     4    31    31   6.32104E-02   6.32104E-02   4.21817E-10   6.67322E-09
     1     2     1     5    31    31   6.32294E-02   6.32294E-02  -6.69617E-13  -1.05903E-11
     1     2     1     6    31    31   6.31889E-02   6.31889E-02   8.14772E-11   1.28942E-09
     1     2     1     7    31    31   6.32269E-02   6.32269E-02  -2.51455E-09  -3.97703E-08
     1     2     1     8    31    31   6.32454E-02   6.32454E-02   1.62452E-11   2.56860E-10
     1     2     1     9    31    31   6.32214E-02   6.32214E-02  -1.21279E-11  -1.91832E-10
     1     2     1    10    31    31   6.32396E-02   6.32396E-02   6.61183E-10   1.04552E-08
     1     2     1    11    31    31   6.32576E-02   6.32576E-02   3.41819E-10   5.40361E-09
     1     2     1    12    31    31   6.32752E-02   6.32752E-02  -2.97914E-13  -4.70824E-12
     2     4     1     1    33    32   2.11926E+02   2.11926E+02  -3.67304E-05  -1.73317E-07
     2     4     1     2    33    32   2.16843E+02   2.16843E+02  -3.20247E-07  -1.47686E-09
     2     4     1     3    33    32   2.15304E+02   2.15304E+02   8.64658E-06   4.01599E-08
     2     4     1     4    33    32   2.13795E+02   2.13795E+02  -8.64686E-06  -4.04445E-08
     2     4     1     5    33    32   2.12315E+02   2.12315E+02   3.20251E-07   1.50837E-09
     2     4     1     6    33    32   2.13429E+02   2.13429E+02   1.36040E-06   6.37404E-09
     2     4     1     7    33    32   2.10452E+02   2.10452E+02   3.67319E-05   1.74538E-07
     2     4     1     8    33    32   2.09007E+02   2.09007E+02  -1.36042E-06  -6.50898E-09
     2     4     1     9    33    32   2.06678E+02   2.06678E+02  -2.68994E-07  -1.30151E-09
     2     4     1    10    33    32   2.05251E+02   2.05251E+02   7.26275E-06   3.53848E-08
     2     4     1    11    33    32   2.03852E+02   2.03852E+02  -7.26298E-06  -3.56288E-08
     2     4     1    12    33    32   2.02477E+02   2.02477E+02   2.68997E-07   1.32853E-09
     2     4     2     1    34    33   1.45199E+06   1.45199E+06  -2.50749E-01  -1.72694E-07
     2     4     2     2    34    33   1.59175E+06   1.59175E+06  -2.18622E-03  -1.37347E-09
     2     4     2     3    34    33   1.53892E+06   1.53892E+06   5.90278E-02   3.83565E-08
     2     4     2     4    34    33   1.48953E+06   1.48953E+06  -5.90278E-02  -3.96285E-08
     2     4     2     5    34    33   1.44296E+06   1.44296E+06   2.18621E-03   1.51509E-09
     2     4     2     6    34    33   1.49957E+06   1.49957E+06   9.28701E-03   6.19313E-09
     2     4     2     7    34    33   1.40651E+06   1.40651E+06   2.50749E-01   1.78277E-07
     2     4     2     8    34    33   1.36390E+06   1.36390E+06  -9.28701E-03  -6.80915E-09
     2     4     2     9    34    33   1.36072E+06   1.36072E+06  -1.83633E-03  -1.34952E-09
     2     4     2    10    34    33   1.31947E+06   1.31947E+06   4.95808E-02   3.75764E-08
     2     4     2    11    34    33   1.28051E+06   1.28051E+06  -4.95808E-02  -3.87196E-08
     2     4     2    12    34    33   1.24363E+06   1.24363E+06   1.83632E-03   1.47659E-09
     2     5     1     1    35    34   2.43911E-03   2.43911E-03   3.28812E-10   1.34808E-07
     2     5     1     2    35    34   2.45249E-03   2.45249E-03   2.13484E-12   8.70481E-10
     2     5     1     3    35    34   2.44532E-03   2.44532E-03  -7.08515E-11  -2.89743E-08
     2     5     1     4    35    34   2.43827E-03   2.43827E-03   3.12194E-11   1.28040E-08
     2     5     1     5    35    34   2.43133E-03   2.43133E-03  -1.64556E-12  -6.76813E-10
     2     5     1     6    35    34   2.44609E-03   2.44609E-03  -9.44002E-12  -3.85923E-09
     2     5     1     7    35    34   2.43225E-03   2.43225E-03  -1.06997E-10  -4.39910E-08
     2     5     1     8    35    34   2.42550E-03   2.42550E-03   6.70108E-12   2.76276E-09
     2     5     1     9    35    34   2.43425E-03   2.43425E-03   1.79260E-12   7.36411E-10
     2     5     1    10    35    34   2.42760E-03   2.42760E-03  -5.93234E-11  -2.44370E-08
     2     5     1    11    35    34   2.42107E-03   2.42107E-03   2.65541E-11   1.09679E-08
     2     5     1    12    35    34   2.41464E-03   2.41464E-03  -1.38804E-12  -5.74844E-10
     3     7     1     1    37    35   7.32339E+01   7.32339E+01  -1.29011E-05  -1.76164E-07
     3     7     1     2    37    35   7.44436E+01   7.44436E+01  -1.12482E-07  -1.51096E-09
     3     7     1     3    37    35   7.42379E+01   7.42379E+01   3.03700E-06   4.09091E-08
     3     7     1     4    37    35   7.40375E+01   7.40375E+01  -3.03701E-06  -4.10199E-08
     3     7     1     5    37    35   7.38417E+01   7.38417E+01   1.12482E-07   1.52328E-09
     3     7     1     6    37    35   7.34319E+01   7.34319E+01   4.77821E-07   6.50699E-09
     3     7     1     7    37    35   7.30400E+01   7.30400E+01   1.29012E-05   1.76632E-07
     3     7     1     8    37    35   7.28510E+01   7.28510E+01  -4.77821E-07  -6.55888E-09
     3     7     1     9    37    35   7.15464E+01   7.15464E+01  -9.44797E-08  -1.32054E-09
     3     7     1    10    37    35   7.13614E+01   7.13614E+01   2.55095E-06   3.57469E-08
     3     7     1    11    37    35   7.11808E+01   7.11808E+01  -2.55095E-06  -3.58377E-08
     3     7     1    12    37    35   7.10038E+01   7.10038E+01   9.44797E-08   1.33063E-09
     3     7     2     1    38    36   6.82841E+02   6.82840E+02  -1.17888E-04  -1.72644E-07
     3     7     2     2    38    36   7.36032E+02   7.36032E+02  -1.02783E-06  -1.39645E-09
     3     7     2     3    38    36   7.15347E+02   7.15347E+02   2.77515E-05   3.87945E-08
     3     7     2     4    38    36   6.95970E+02   6.95970E+02  -2.77515E-05  -3.98746E-08
     3     7     2     5    38    36   6.77648E+02   6.77648E+02   1.02783E-06   1.51677E-09
     3     7     2     6    38    36   7.01614E+02   7.01614E+02   4.36623E-06   6.22311E-09
     3     7     2     7    38    36   6.64799E+02   6.64799E+02   1.17888E-04   1.77329E-07
     3     7     2     8    38    36   6.47869E+02   6.47869E+02  -4.36623E-06  -6.73936E-09
     3     7     2     9    38    36   6.47572E+02   6.47572E+02  -8.63336E-07  -1.33319E-09
     3     7     2    10    38    36   6.31011E+02   6.31011E+02   2.33101E-05   3.69408E-08
     3     7     2    11    38    36   6.15333E+02   6.15333E+02  -2.33101E-05  -3.78820E-08
     3     7     2    12    38    36   6.00450E+02   6.00450E+02   8.63336E-07   1.43782E-09
     3     8     1     1    39    37   1.11323E-02   1.11323E-02  -1.19773E-09  -1.07590E-07
     3     8     1     2    39    37   1.11005E-02   1.11005E-02  -6.40180E-12  -5.76710E-10
     3     8     1     3    39    37   1.11176E-02   1.11176E-02   2.45399E-10   2.20731E-08
     3     8     1     4    39    37   1.11343E-02   1.11343E-02  -2.77423E-11  -2.49161E-09
     3     8     1     5    39    37   1.11507E-02   1.11507E-02   3.71456E-12   3.33122E-10
     3     8     1     6    39    37   1.11157E-02   1.11157E-02   2.93363E-11   2.63916E-09
     3     8     1     7    39    37   1.11486E-02   1.11486E-02  -2.04425E-11  -1.83364E-09
     3     8     1     8    39    37   1.11646E-02   1.11646E-02  -1.42680E-11  -1.27797E-09
     3     8     1     9    39    37   1.11438E-02   1.11438E-02  -5.37867E-12  -4.82658E-10
     3     8     1    10    39    37   1.11596E-02   1.11596E-02   2.05212E-10   1.83888E-08
     3     8     1    11    39    37   1.11751E-02   1.11751E-02  -2.52443E-11  -2.25898E-09
     3     8     1    12    39    37   1.11904E-02   1.11904E-02   3.15675E-12   2.82095E-10
     4    10     1     1    41    38   1.66891E+02   1.66891E+02  -2.90266E-05  -1.73925E-07
     4    10     1     2    41    38   1.70191E+02   1.70191E+02  -2.53076E-07  -1.48701E-09
     4    10     1     3    41    38   1.69303E+02   1.69303E+02   6.83303E-06   4.03598E-08
     4    10     1     4    41    38   1.68434E+02   1.68434E+02  -6.83310E-06  -4.05685E-08
     4    10     1     5    41    38   1.67581E+02   1.67581E+02   2.53077E-07   1.51017E-09
     4    10     1     6    41    38   1.67753E+02   1.67753E+02   1.07506E-06   6.40859E-09
     4    10     1     7    41    38   1.66045E+02   1.66045E+02   2.90269E-05   1.74814E-07
     4    10     1     8    41    38   1.65216E+02   1.65216E+02  -1.07507E-06  -6.50705E-09
     4    10     1     9    41    38   1.63046E+02   1.63046E+02  -2.12573E-07  -1.30376E-09
     4    10     1    10    41    38   1.62231E+02   1.62231E+02   5.73945E-06   3.53783E-08
     4    10     1    11    41    38   1.61432E+02   1.61432E+02  -5.73951E-06  -3.55537E-08
     4    10     1    12    41    38   1.60647E+02   1.60647E+02   2.12574E-07   1.32323E-09
     4    10     2     1    42    39   4.39676E+04   4.39676E+04  -7.54319E-03  -1.71563E-07
     4    10     2     2    42    39   4.77059E+04   4.77059E+04  -6.57670E-05  -1.37859E-09
     4    10     2     3    42    39   4.61944E+04   4.61944E+04   1.77571E-03   3.84400E-08
     4    10     2     4    42    39   4.47791E+04   4.47791E+04  -1.77571E-03  -3.96549E-08
     4    10     2     5    42    39   4.34426E+04   4.34426E+04   6.57670E-05   1.51388E-09
     4    10     2     6    42    39   4.53467E+04   4.53467E+04   2.79377E-04   6.16092E-09
     4    10     2     7    42    39   4.26469E+04   4.26469E+04   7.54319E-03   1.76876E-07
     4    10     2     8    42    39   4.14080E+04   4.14080E+04  -2.79377E-04  -6.74694E-09
     4    10     2     9    42    39   4.15432E+04   4.15432E+04  -5.52414E-05  -1.32974E-09
     4    10     2    10    42    39   4.03301E+04   4.03301E+04   1.49152E-03   3.69828E-08
     4    10     2    11    42    39   3.91833E+04   3.91833E+04  -1.49152E-03  -3.80652E-08
     4    10     2    12    42    39   3.80964E+04   3.80964E+04   5.52414E-05   1.45004E-09
     4    11     1     1    43    40   6.74457E-14   6.74457E-14  -1.24132E-20  -1.24132E-20
     4    11     1     2    43    40   6.06422E-14   6.06422E-14  -1.08227E-22  -1.08227E-22
     4    11     1     3    43    40   6.40987E-14   6.40987E-14   2.92213E-21   2.92213E-21
     4    11     1     4    43    40   6.74956E-14   6.74956E-14  -2.92213E-21  -2.92213E-21
     4    11     1     5    43    40   7.08351E-14   7.08351E-14   1.08227E-22   1.08227E-22
     4    11     1     6    43    40   6.40658E-14   6.40658E-14   4.59747E-22   4.59747E-22
     4    11     1     7    43    40   7.07677E-14   7.07677E-14   1.24132E-20   1.24132E-20
     4    11     1     8    43    40   7.40345E-14   7.40345E-14  -4.59747E-22  -4.59747E-22
     4    11     1     9    43    40   7.04750E-14   7.04750E-14  -9.09060E-23  -9.09060E-23
     4    11     1    10    43    40   7.37214E-14   7.37214E-14   2.45446E-21   2.45446E-21
     4    11     1    11    43    40   7.69137E-14   7.69137E-14  -2.45446E-21  -2.45446E-21
     4    11     1    12    43    40   8.00538E-14   8.00538E-14   9.09060E-23   9.09060E-23
