     1     1   1.00000E+00   1.00000E+00   0.00000E+00   0.00000E+00
     1     2   1.00000E+00   1.00000E+00   0.00000E+00   0.00000E+00
     1     3   1.00000E+00   1.00000E+00   0.00000E+00   0.00000E+00
     1     4   1.00000E+00   1.00000E+00   0.00000E+00   0.00000E+00
     1     5   1.00000E+00   1.00000E+00   0.00000E+00   0.00000E+00
     1     6   1.00000E+00   1.00000E+00   0.00000E+00   0.00000E+00
     1     7   1.00000E+00   1.00000E+00   0.00000E+00   0.00000E+00
     1     8   1.00000E+00   1.00000E+00   0.00000E+00   0.00000E+00
     1     9   1.00000E+00   1.00000E+00   0.00000E+00   0.00000E+00
     1    10   1.00000E+00   1.00000E+00   0.00000E+00   0.00000E+00
     1    11   1.00000E+00   1.00000E+00   0.00000E+00   0.00000E+00
     1    12   1.00000E+00   1.00000E+00   0.00000E+00   0.00000E+00
 *******************************
     2     1   1.00000E+00   1.00000E+00   0.00000E+00   0.00000E+00
     2     2   1.00000E+00   1.00000E+00   0.00000E+00   0.00000E+00
     2     3   1.00000E+00   1.00000E+00   0.00000E+00   0.00000E+00
     2     4   1.00000E+00   1.00000E+00   0.00000E+00   0.00000E+00
     2     5   1.00000E+00   1.00000E+00   0.00000E+00   0.00000E+00
     2     6   1.00000E+00   1.00000E+00   0.00000E+00   0.00000E+00
     2     7   1.00000E+00   1.00000E+00   0.00000E+00   0.00000E+00
     2     8   1.00000E+00   1.00000E+00   0.00000E+00   0.00000E+00
     2     9   1.00000E+00   1.00000E+00   0.00000E+00   0.00000E+00
     2    10   1.00000E+00   1.00000E+00   0.00000E+00   0.00000E+00
     2    11   1.00000E+00   1.00000E+00   0.00000E+00   0.00000E+00
     2    12   1.00000E+00   1.00000E+00   0.00000E+00   0.00000E+00
 *******************************
     3     1   1.00000E+00   1.00000E+00   0.00000E+00   0.00000E+00
     3     2   1.00000E+00   1.00000E+00   0.00000E+00   0.00000E+00
     3     3   1.00000E+00   1.00000E+00   0.00000E+00   0.00000E+00
     3     4   1.00000E+00   1.00000E+00   0.00000E+00   0.00000E+00
     3     5   1.00000E+00   1.00000E+00   0.00000E+00   0.00000E+00
     3     6   1.00000E+00   1.00000E+00   0.00000E+00   0.00000E+00
     3     7   1.00000E+00   1.00000E+00   0.00000E+00   0.00000E+00
     3     8   1.00000E+00   1.00000E+00   0.00000E+00   0.00000E+00
     3     9   1.00000E+00   1.00000E+00   0.00000E+00   0.00000E+00
     3    10   1.00000E+00   1.00000E+00   0.00000E+00   0.00000E+00
     3    11   1.00000E+00   1.00000E+00   0.00000E+00   0.00000E+00
     3    12   1.00000E+00   1.00000E+00   0.00000E+00   0.00000E+00
 *******************************
     4     1   1.00000E+00   1.00000E+00   0.00000E+00   0.00000E+00
     4     2   1.00000E+00   1.00000E+00   0.00000E+00   0.00000E+00
     4     3   1.00000E+00   1.00000E+00   0.00000E+00   0.00000E+00
     4     4   1.00000E+00   1.00000E+00   0.00000E+00   0.00000E+00
     4     5   1.00000E+00   1.00000E+00   0.00000E+00   0.00000E+00
     4     6   1.00000E+00   1.00000E+00   0.00000E+00   0.00000E+00
     4     7   1.00000E+00   1.00000E+00   0.00000E+00   0.00000E+00
     4     8   1.00000E+00   1.00000E+00   0.00000E+00   0.00000E+00
     4     9   1.00000E+00   1.00000E+00   0.00000E+00   0.00000E+00
     4    10   1.00000E+00   1.00000E+00   0.00000E+00   0.00000E+00
     4    11   1.00000E+00   1.00000E+00   0.00000E+00   0.00000E+00
     4    12   1.00000E+00   1.00000E+00   0.00000E+00   0.00000E+00
 *******************************
 -------------------------------
     1     1     1     1     5     5   1.59923E+00   1.59923E+00  -2.79026E-07  -1.74476E-07
     1     1     1     2     5     5   1.62623E+00   1.62623E+00  -2.43275E-09  -1.49594E-09
     1     1     1     3     5     5   1.63090E+00   1.63090E+00   6.56844E-08   4.02750E-08
     1     1     1     4     5     5   1.63060E+00   1.63060E+00  -6.56844E-08  -4.02823E-08
     1     1     1     5     5     5   1.62835E+00   1.62835E+00   2.43275E-09   1.49400E-09
     1     1     1     6     5     5   1.59412E+00   1.59412E+00   1.03343E-08   6.48277E-09
     1     1     1     7     5     5   1.59929E+00   1.59929E+00   2.79026E-07   1.74469E-07
     1     1     1     8     5     5   1.59737E+00   1.59737E+00  -1.03343E-08  -6.46959E-09
     1     1     1     9     5     5   1.53453E+00   1.53453E+00  -2.04341E-09  -1.33162E-09
     1     1     1    10     5     5   1.54014E+00   1.54014E+00   5.51720E-08   3.58226E-08
     1     1     1    11     5     5   1.54081E+00   1.54081E+00  -5.51720E-08  -3.58072E-08
     1     1     1    12     5     5   1.53942E+00   1.53942E+00   2.04341E-09   1.32739E-09
     1     1     2     1     6     6   3.96288E+01   3.96288E+01  -7.11802E-06  -1.79618E-07
     1     1     2     2     6     6   3.45489E+01   3.45489E+01  -6.20601E-08  -1.79630E-09
     1     1     2     3     6     6   4.27002E+01   4.27002E+01   1.67562E-06   3.92416E-08
     1     1     2     4     6     6   4.73972E+01   4.73972E+01  -1.67562E-06  -3.53528E-08
     1     1     2     5     6     6   5.03800E+01   5.03800E+01   6.20601E-08   1.23184E-09
     1     1     2     6     6     6   3.19055E+01   3.19055E+01   2.63631E-07   8.26285E-09
     1     1     2     7     6     6   4.42560E+01   4.42560E+01   7.11802E-06   1.60837E-07
     1     1     2     8     6     6   4.73113E+01   4.73113E+01  -2.63630E-07  -5.57225E-09
     1     1     2     9     6     6   2.81180E+01   2.81180E+01  -5.21278E-08  -1.85389E-09
     1     1     2    10     6     6   3.50036E+01   3.50036E+01   1.40745E-06   4.02087E-08
     1     1     2    11     6     6   3.94665E+01   3.94665E+01  -1.40745E-06  -3.56619E-08
     1     1     2    12     6     6   4.25454E+01   4.25454E+01   5.21278E-08   1.22523E-09
     1     2     1     1     7     7   6.32103E-02   6.32103E-02  -1.11302E-08  -1.76082E-07
     1     2     1     2     7     7   6.31673E-02   6.31673E-02  -9.70410E-11  -1.53625E-09
     1     2     1     3     7     7   6.31932E-02   6.31932E-02   2.62011E-09   4.14619E-08
     1     2     1     4     7     7   6.32162E-02   6.32162E-02  -2.62010E-09  -4.14467E-08
     1     2     1     5     7     7   6.32379E-02   6.32379E-02   9.70409E-11   1.53454E-09
     1     2     1     6     7     7   6.31841E-02   6.31841E-02   4.12229E-10   6.52425E-09
     1     2     1     7     7     7   6.32333E-02   6.32333E-02   1.11301E-08   1.76017E-07
     1     2     1     8     7     7   6.32548E-02   6.32548E-02  -4.12228E-10  -6.51694E-09
     1     2     1     9     7     7   6.32155E-02   6.32155E-02  -8.15102E-11  -1.28940E-09
     1     2     1    10     7     7   6.32423E-02   6.32423E-02   2.20078E-09   3.47991E-08
     1     2     1    11     7     7   6.32654E-02   6.32654E-02  -2.20077E-09  -3.47863E-08
     1     2     1    12     7     7   6.32868E-02   6.32868E-02   8.15102E-11   1.28795E-09
     2     4     1     1     9     8   2.21858E+02   2.21858E+02  -3.89563E-05  -1.75591E-07
     2     4     1     2     9     8   2.26698E+02   2.26698E+02  -3.39649E-07  -1.49825E-09
     2     4     1     3     9     8   2.26633E+02   2.26633E+02   9.17053E-06   4.04643E-08
     2     4     1     4     9     8   2.25893E+02   2.25893E+02  -9.17053E-06  -4.05968E-08
     2     4     1     5     9     8   2.24894E+02   2.24894E+02   3.39649E-07   1.51027E-09
     2     4     1     6     9     8   2.21858E+02   2.21858E+02   1.44283E-06   6.50338E-09
     2     4     1     7     9     8   2.21176E+02   2.21176E+02   3.89563E-05   1.76133E-07
     2     4     1     8     9     8   2.20231E+02   2.20231E+02  -1.44283E-06  -6.55142E-09
     2     4     1     9     9     8   2.12582E+02   2.12582E+02  -2.85291E-07  -1.34203E-09
     2     4     1    10     9     8   2.12663E+02   2.12663E+02   7.70285E-06   3.62208E-08
     2     4     1    11     9     8   2.12083E+02   2.12083E+02  -7.70285E-06  -3.63199E-08
     2     4     1    12     9     8   2.11236E+02   2.11236E+02   2.85291E-07   1.35058E-09
     2     4     2     1    10     9   1.47610E+06   1.47610E+06  -2.61565E-01  -1.77200E-07
     2     4     2     2    10     9   1.31188E+06   1.31188E+06  -2.28051E-03  -1.73835E-09
     2     4     2     3    10     9   1.60953E+06   1.60953E+06   6.15739E-02   3.82559E-08
     2     4     2     4    10     9   1.77510E+06   1.77510E+06  -6.15739E-02  -3.46875E-08
     2     4     2     5    10     9   1.87545E+06   1.87545E+06   2.28051E-03   1.21598E-09
     2     4     2     6    10     9   1.19737E+06   1.19737E+06   9.68760E-03   8.09071E-09
     2     4     2     7    10     9   1.63778E+06   1.63778E+06   2.61565E-01   1.59707E-07
     2     4     2     8    10     9   1.74028E+06   1.74028E+06  -9.68759E-03  -5.56670E-09
     2     4     2     9    10     9   1.03749E+06   1.03749E+06  -1.91553E-03  -1.84632E-09
     2     4     2    10    10     9   1.28150E+06   1.28150E+06   5.17194E-02   4.03584E-08
     2     4     2    11    10     9   1.43534E+06   1.43534E+06  -5.17194E-02  -3.60327E-08
     2     4     2    12    10     9   1.53792E+06   1.53792E+06   1.91553E-03   1.24554E-09
     2     5     1     1    11    10   2.43830E-03   2.43830E-03   4.27395E-10   1.75284E-07
     2     5     1     2    11    10   2.45396E-03   2.45396E-03   3.72634E-12   1.51850E-09
     2     5     1     3    11    10   2.44454E-03   2.44454E-03  -1.00611E-10  -4.11575E-08
     2     5     1     4    11    10   2.43615E-03   2.43615E-03   1.00611E-10   4.12993E-08
     2     5     1     5    11    10   2.42824E-03   2.42824E-03  -3.72634E-12  -1.53459E-09
     2     5     1     6    11    10   2.44784E-03   2.44784E-03  -1.58294E-11  -6.46671E-09
     2     5     1     7    11    10   2.42992E-03   2.42992E-03  -4.27395E-10  -1.75889E-07
     2     5     1     8    11    10   2.42206E-03   2.42206E-03   1.58294E-11   6.53553E-09
     2     5     1     9    11    10   2.43641E-03   2.43641E-03   3.12996E-12   1.28466E-09
     2     5     1    10    11    10   2.42663E-03   2.42663E-03  -8.45090E-11  -3.48257E-08
     2     5     1    11    11    10   2.41820E-03   2.41820E-03   8.45090E-11   3.49470E-08
     2     5     1    12    11    10   2.41041E-03   2.41041E-03  -3.12996E-12  -1.29852E-09
     3     7     1     1    13    11   7.67472E+01   7.67472E+01  -1.34316E-05  -1.75010E-07
     3     7     1     2    13    11   7.78874E+01   7.78874E+01  -1.17106E-07  -1.50353E-09
     3     7     1     3    13    11   7.82219E+01   7.82219E+01   3.16186E-06   4.04217E-08
     3     7     1     4    13    11   7.83171E+01   7.83171E+01  -3.16186E-06  -4.03726E-08
     3     7     1     5    13    11   7.83174E+01   7.83174E+01   1.17106E-07   1.49528E-09
     3     7     1     6    13    11   7.63925E+01   7.63925E+01   4.97465E-07   6.51196E-09
     3     7     1     7    13    11   7.68578E+01   7.68578E+01   1.34316E-05   1.74759E-07
     3     7     1     8    13    11   7.68717E+01   7.68717E+01  -4.97465E-07  -6.47136E-09
     3     7     1     9    13    11   7.36537E+01   7.36537E+01  -9.83641E-08  -1.33550E-09
     3     7     1    10    13    11   7.40300E+01   7.40300E+01   2.65583E-06   3.58750E-08
     3     7     1    11    13    11   7.41658E+01   7.41658E+01  -2.65583E-06  -3.58093E-08
     3     7     1    12    13    11   7.42015E+01   7.42015E+01   9.83640E-08   1.32563E-09
     3     7     2     1    14    12   6.94533E+02   6.94533E+02  -1.24742E-04  -1.79606E-07
     3     7     2     2    14    12   6.05450E+02   6.05450E+02  -1.08760E-06  -1.79634E-09
     3     7     2     3    14    12   7.48317E+02   7.48317E+02   2.93651E-05   3.92415E-08
     3     7     2     4    14    12   8.30652E+02   8.30652E+02  -2.93651E-05  -3.53518E-08
     3     7     2     5    14    12   8.82949E+02   8.82949E+02   1.08760E-06   1.23178E-09
     3     7     2     6    14    12   5.59160E+02   5.59160E+02   4.62009E-06   8.26256E-09
     3     7     2     7    14    12   7.75648E+02   7.75648E+02   1.24742E-04   1.60824E-07
     3     7     2     8    14    12   8.29215E+02   8.29215E+02  -4.62009E-06  -5.57165E-09
     3     7     2     9    14    12   4.92820E+02   4.92820E+02  -9.13533E-07  -1.85369E-09
     3     7     2    10    14    12   6.13519E+02   6.13520E+02   2.46654E-05   4.02031E-08
     3     7     2    11    14    12   6.91757E+02   6.91757E+02  -2.46654E-05  -3.56562E-08
     3     7     2    12    14    12   7.45741E+02   7.45741E+02   9.13533E-07   1.22500E-09
     3     8     1     1    15    13   1.11342E-02   1.11342E-02  -1.96315E-09  -1.76317E-07
     3     8     1     2    15    13   1.10971E-02   1.10971E-02  -1.71162E-11  -1.54241E-09
     3     8     1     3    15    13   1.11194E-02   1.11194E-02   4.62136E-10   4.15612E-08
     3     8     1     4    15    13   1.11393E-02   1.11393E-02  -4.62136E-10  -4.14869E-08
     3     8     1     5    15    13   1.11581E-02   1.11581E-02   1.71162E-11   1.53397E-09
     3     8     1     6    15    13   1.11116E-02   1.11116E-02   7.27092E-11   6.54354E-09
     3     8     1     7    15    13   1.11541E-02   1.11541E-02   1.96315E-09   1.76002E-07
     3     8     1     8    15    13   1.11728E-02   1.11728E-02  -7.27092E-11  -6.50772E-09
     3     8     1     9    15    13   1.11387E-02   1.11387E-02  -1.43768E-11  -1.29071E-09
     3     8     1    10    15    13   1.11619E-02   1.11619E-02   3.88174E-10   3.47766E-08
     3     8     1    11    15    13   1.11819E-02   1.11819E-02  -3.88174E-10  -3.47145E-08
     3     8     1    12    15    13   1.12004E-02   1.12004E-02   1.43768E-11   1.28360E-09
     4    10     1     1    17    14   1.74802E+02   1.74801E+02  -3.04897E-05  -1.74425E-07
     4    10     1     2    17    14   1.77991E+02   1.77991E+02  -2.65831E-07  -1.49351E-09
     4    10     1     3    17    14   1.78297E+02   1.78297E+02   7.17745E-06   4.02556E-08
     4    10     1     4    17    14   1.78064E+02   1.78064E+02  -7.17745E-06  -4.03083E-08
     4    10     1     5    17    14   1.77620E+02   1.77620E+02   2.65831E-07   1.49663E-09
     4    10     1     6    17    14   1.74443E+02   1.74443E+02   1.12925E-06   6.47344E-09
     4    10     1     7    17    14   1.74612E+02   1.74612E+02   3.04897E-05   1.74614E-07
     4    10     1     8    17    14   1.74208E+02   1.74208E+02  -1.12925E-06  -6.48219E-09
     4    10     1     9    17    14   1.67769E+02   1.67769E+02  -2.23287E-07  -1.33092E-09
     4    10     1    10    17    14   1.68190E+02   1.68190E+02   6.02874E-06   3.58449E-08
     4    10     1    11    17    14   1.68073E+02   1.68073E+02  -6.02874E-06  -3.58697E-08
     4    10     1    12    17    14   1.67736E+02   1.67736E+02   2.23287E-07   1.33118E-09
     4    10     2     1    18    15   4.47015E+04   4.47015E+04  -8.01516E-03  -1.79304E-07
     4    10     2     2    18    15   3.93099E+04   3.93099E+04  -6.98820E-05  -1.77772E-09
     4    10     2     3    18    15   4.83088E+04   4.83088E+04   1.88681E-03   3.90574E-08
     4    10     2     4    18    15   5.33624E+04   5.33624E+04  -1.88681E-03  -3.53585E-08
     4    10     2     5    18    15   5.64646E+04   5.64646E+04   6.98820E-05   1.23762E-09
     4    10     2     6    18    15   3.62083E+04   3.62083E+04   2.96858E-04   8.19860E-09
     4    10     2     7    18    15   4.96662E+04   4.96662E+04   8.01516E-03   1.61380E-07
     4    10     2     8    18    15   5.28447E+04   5.28447E+04  -2.96858E-04  -5.61755E-09
     4    10     2     9    18    15   3.16832E+04   3.16832E+04  -5.86979E-05  -1.85265E-09
     4    10     2    10    18    15   3.91830E+04   3.91830E+04   1.58484E-03   4.04472E-08
     4    10     2    11    18    15   4.39384E+04   4.39384E+04  -1.58484E-03  -3.60696E-08
     4    10     2    12    18    15   4.71319E+04   4.71319E+04   5.86978E-05   1.24539E-09
     4    11     1     1    19    16   6.78596E-14   6.78596E-14  -1.23994E-20  -1.23994E-20
     4    11     1     2    19    16   5.99228E-14   5.99228E-14  -1.08107E-22  -1.08107E-22
     4    11     1     3    19    16   6.44904E-14   6.44904E-14   2.91890E-21   2.91890E-21
     4    11     1     4    19    16   6.85493E-14   6.85493E-14  -2.91890E-21  -2.91890E-21
     4    11     1     5    19    16   7.23729E-14   7.23729E-14   1.08107E-22   1.08107E-22
     4    11     1     6    19    16   6.32100E-14   6.32100E-14   4.59239E-22   4.59239E-22
     4    11     1     7    19    16   7.19379E-14   7.19379E-14   1.23994E-20   1.23994E-20
     4    11     1     8    19    16   7.57560E-14   7.57560E-14  -4.59239E-22  -4.59239E-22
     4    11     1     9    19    16   6.94040E-14   6.94040E-14  -9.08055E-23  -9.08055E-23
     4    11     1    10    19    16   7.42262E-14   7.42262E-14   2.45175E-21   2.45175E-21
     4    11     1    11    19    16   7.83663E-14   7.83663E-14  -2.45175E-21  -2.45175E-21
     4    11     1    12    19    16   8.21926E-14   8.21926E-14   9.08055E-23   9.08055E-23
