     1     1   1.00000E+00   1.00000E+00   0.00000E+00   0.00000E+00
     1     2   1.00000E+00   1.00000E+00   0.00000E+00   0.00000E+00
     1     3   1.00000E+00   1.00000E+00   0.00000E+00   0.00000E+00
     1     4   1.00000E+00   1.00000E+00   0.00000E+00   0.00000E+00
     1     5   1.00000E+00   1.00000E+00   0.00000E+00   0.00000E+00
     1     6   1.00000E+00   1.00000E+00   0.00000E+00   0.00000E+00
     1     7   1.00000E+00   1.00000E+00   0.00000E+00   0.00000E+00
     1     8   1.00000E+00   1.00000E+00   0.00000E+00   0.00000E+00
     1     9   1.00000E+00   1.00000E+00   0.00000E+00   0.00000E+00
     1    10   1.00000E+00   1.00000E+00   0.00000E+00   0.00000E+00
     1    11   1.00000E+00   1.00000E+00   0.00000E+00   0.00000E+00
     1    12   1.00000E+00   1.00000E+00   0.00000E+00   0.00000E+00
 *******************************
     2     1   1.00000E+00   1.00000E+00   0.00000E+00   0.00000E+00
     2     2   1.00000E+00   1.00000E+00   0.00000E+00   0.00000E+00
     2     3   1.00000E+00   1.00000E+00   0.00000E+00   0.00000E+00
     2     4   1.00000E+00   1.00000E+00   0.00000E+00   0.00000E+00
     2     5   1.00000E+00   1.00000E+00   0.00000E+00   0.00000E+00
     2     6   1.00000E+00   1.00000E+00   0.00000E+00   0.00000E+00
     2     7   1.00000E+00   1.00000E+00   0.00000E+00   0.00000E+00
     2     8   1.00000E+00   1.00000E+00   0.00000E+00   0.00000E+00
     2     9   1.00000E+00   1.00000E+00   0.00000E+00   0.00000E+00
     2    10   1.00000E+00   1.00000E+00   0.00000E+00   0.00000E+00
     2    11   1.00000E+00   1.00000E+00   0.00000E+00   0.00000E+00
     2    12   1.00000E+00   1.00000E+00   0.00000E+00   0.00000E+00
 *******************************
     3     1   1.00000E+00   1.00000E+00   0.00000E+00   0.00000E+00
     3     2   1.00000E+00   1.00000E+00   0.00000E+00   0.00000E+00
     3     3   1.00000E+00   1.00000E+00   0.00000E+00   0.00000E+00
     3     4   1.00000E+00   1.00000E+00   0.00000E+00   0.00000E+00
     3     5   1.00000E+00   1.00000E+00   0.00000E+00   0.00000E+00
     3     6   1.00000E+00   1.00000E+00   0.00000E+00   0.00000E+00
     3     7   1.00000E+00   1.00000E+00   0.00000E+00   0.00000E+00
     3     8   1.00000E+00   1.00000E+00   0.00000E+00   0.00000E+00
     3     9   1.00000E+00   1.00000E+00   0.00000E+00   0.00000E+00
     3    10   1.00000E+00   1.00000E+00   0.00000E+00   0.00000E+00
     3    11   1.00000E+00   1.00000E+00   0.00000E+00   0.00000E+00
     3    12   1.00000E+00   1.00000E+00   0.00000E+00   0.00000E+00
 *******************************
     4     1   1.00000E+00   1.00000E+00   0.00000E+00   0.00000E+00
     4     2   1.00000E+00   1.00000E+00   0.00000E+00   0.00000E+00
     4     3   1.00000E+00   1.00000E+00   0.00000E+00   0.00000E+00
     4     4   1.00000E+00   1.00000E+00   0.00000E+00   0.00000E+00
     4     5   1.00000E+00   1.00000E+00   0.00000E+00   0.00000E+00
     4     6   1.00000E+00   1.00000E+00   0.00000E+00   0.00000E+00
     4     7   1.00000E+00   1.00000E+00   0.00000E+00   0.00000E+00
     4     8   1.00000E+00   1.00000E+00   0.00000E+00   0.00000E+00
     4     9   1.00000E+00   1.00000E+00   0.00000E+00   0.00000E+00
     4    10   1.00000E+00   1.00000E+00   0.00000E+00   0.00000E+00
     4    11   1.00000E+00   1.00000E+00   0.00000E+00   0.00000E+00
     4    12   1.00000E+00   1.00000E+00   0.00000E+00   0.00000E+00
 *******************************
 -------------------------------
     1     1     1     1     5     5   1.52651E+00   1.52651E+00  -2.68819E-07  -1.76100E-07
     1     1     1     2     5     5   1.55470E+00   1.55470E+00  -2.34376E-09  -1.50753E-09
     1     1     1     3     5     5   1.54829E+00   1.54829E+00   6.32815E-08   4.08718E-08
     1     1     1     4     5     5   1.54203E+00   1.54203E+00  -6.32818E-08  -4.10381E-08
     1     1     1     5     5     5   1.53588E+00   1.53588E+00   2.34377E-09   1.52601E-09
     1     1     1     6     5     5   1.53272E+00   1.53272E+00   9.95627E-09   6.49582E-09
     1     1     1     7     5     5   1.52042E+00   1.52042E+00   2.68821E-07   1.76807E-07
     1     1     1     8     5     5   1.51446E+00   1.51446E+00  -9.95630E-09  -6.57418E-09
     1     1     1     9     5     5   1.49104E+00   1.49104E+00  -1.96866E-09  -1.32032E-09
     1     1     1    10     5     5   1.48519E+00   1.48519E+00   5.31537E-08   3.57892E-08
     1     1     1    11     5     5   1.47946E+00   1.47946E+00  -5.31540E-08  -3.59280E-08
     1     1     1    12     5     5   1.47383E+00   1.47383E+00   1.96866E-09   1.33574E-09
     1     1     2     1     6     6   3.89617E+01   3.89617E+01  -6.72569E-06  -1.72623E-07
     1     1     2     2     6     6   4.20001E+01   4.20001E+01  -5.86395E-08  -1.39618E-09
     1     1     2     3     6     6   4.08188E+01   4.08188E+01   1.58327E-06   3.87876E-08
     1     1     2     4     6     6   3.97124E+01   3.97124E+01  -1.58327E-06  -3.98683E-08
     1     1     2     5     6     6   3.86661E+01   3.86661E+01   5.86395E-08   1.51656E-09
     1     1     2     6     6     6   4.00337E+01   4.00337E+01   2.49100E-07   6.22225E-09
     1     1     2     7     6     6   3.79315E+01   3.79316E+01   6.72569E-06   1.77311E-07
     1     1     2     8     6     6   3.69649E+01   3.69649E+01  -2.49100E-07  -6.73881E-09
     1     1     2     9     6     6   3.69473E+01   3.69473E+01  -4.92546E-08  -1.33311E-09
     1     1     2    10     6     6   3.60017E+01   3.60017E+01   1.32987E-06   3.69392E-08
     1     1     2    11     6     6   3.51066E+01   3.51066E+01  -1.32987E-06  -3.78810E-08
     1     1     2    12     6     6   3.42569E+01   3.42569E+01   4.92546E-08   1.43780E-09
     1     2     1     1     7     7   6.32081E-02   6.32081E-02  -4.26114E-09  -6.74145E-08
     1     2     1     2     7     7   6.31714E-02   6.31714E-02  -1.43539E-11  -2.27221E-10
     1     2     1     3     7     7   6.31910E-02   6.31910E-02   7.91242E-10   1.25214E-08
     1     2     1     4     7     7   6.32104E-02   6.32104E-02   4.21817E-10   6.67322E-09
     1     2     1     5     7     7   6.32294E-02   6.32294E-02  -6.69617E-13  -1.05903E-11
     1     2     1     6     7     7   6.31889E-02   6.31889E-02   8.14772E-11   1.28942E-09
     1     2     1     7     7     7   6.32269E-02   6.32269E-02  -2.51455E-09  -3.97703E-08
     1     2     1     8     7     7   6.32454E-02   6.32454E-02   1.62452E-11   2.56860E-10
     1     2     1     9     7     7   6.32214E-02   6.32214E-02  -1.21279E-11  -1.91832E-10
     1     2     1    10     7     7   6.32396E-02   6.32396E-02   6.61183E-10   1.04552E-08
     1     2     1    11     7     7   6.32576E-02   6.32576E-02   3.41819E-10   5.40361E-09
     1     2     1    12     7     7   6.32752E-02   6.32752E-02  -2.97914E-13  -4.70824E-12
     2     4     1     1     9     8   2.11926E+02   2.11926E+02  -3.67304E-05  -1.73317E-07
     2     4     1     2     9     8   2.16843E+02   2.16843E+02  -3.20247E-07  -1.47686E-09
     2     4     1     3     9     8   2.15304E+02   2.15304E+02   8.64658E-06   4.01599E-08
     2     4     1     4     9     8   2.13795E+02   2.13795E+02  -8.64686E-06  -4.04445E-08
     2     4     1     5     9     8   2.12315E+02   2.12315E+02   3.20251E-07   1.50837E-09
     2     4     1     6     9     8   2.13429E+02   2.13429E+02   1.36040E-06   6.37404E-09
     2     4     1     7     9     8   2.10452E+02   2.10452E+02   3.67319E-05   1.74538E-07
     2     4     1     8     9     8   2.09007E+02   2.09007E+02  -1.36042E-06  -6.50898E-09
     2     4     1     9     9     8   2.06678E+02   2.06678E+02  -2.68994E-07  -1.30151E-09
     2     4     1    10     9     8   2.05251E+02   2.05251E+02   7.26275E-06   3.53848E-08
     2     4     1    11     9     8   2.03852E+02   2.03852E+02  -7.26298E-06  -3.56288E-08
     2     4     1    12     9     8   2.02477E+02   2.02477E+02   2.68997E-07   1.32853E-09
     2     4     2     1    10     9   1.45199E+06   1.45199E+06  -2.50749E-01  -1.72694E-07
     2     4     2     2    10     9   1.59175E+06   1.59175E+06  -2.18622E-03  -1.37347E-09
     2     4     2     3    10     9   1.53892E+06   1.53892E+06   5.90278E-02   3.83565E-08
     2     4     2     4    10     9   1.48953E+06   1.48953E+06  -5.90278E-02  -3.96285E-08
     2     4     2     5    10     9   1.44296E+06   1.44296E+06   2.18621E-03   1.51509E-09
     2     4     2     6    10     9   1.49957E+06   1.49957E+06   9.28701E-03   6.19313E-09
     2     4     2     7    10     9   1.40651E+06   1.40651E+06   2.50749E-01   1.78277E-07
     2     4     2     8    10     9   1.36390E+06   1.36390E+06  -9.28701E-03  -6.80915E-09
     2     4     2     9    10     9   1.36072E+06   1.36072E+06  -1.83633E-03  -1.34952E-09
     2     4     2    10    10     9   1.31947E+06   1.31947E+06   4.95808E-02   3.75764E-08
     2     4     2    11    10     9   1.28051E+06   1.28051E+06  -4.95808E-02  -3.87196E-08
     2     4     2    12    10     9   1.24363E+06   1.24363E+06   1.83632E-03   1.47659E-09
     2     5     1     1    11    10   2.43911E-03   2.43911E-03   3.28812E-10   1.34808E-07
     2     5     1     2    11    10   2.45249E-03   2.45249E-03   2.13484E-12   8.70481E-10
     2     5     1     3    11    10   2.44532E-03   2.44532E-03  -7.08515E-11  -2.89743E-08
     2     5     1     4    11    10   2.43827E-03   2.43827E-03   3.12194E-11   1.28040E-08
     2     5     1     5    11    10   2.43133E-03   2.43133E-03  -1.64556E-12  -6.76813E-10
     2     5     1     6    11    10   2.44609E-03   2.44609E-03  -9.44002E-12  -3.85923E-09
     2     5     1     7    11    10   2.43225E-03   2.43225E-03  -1.06997E-10  -4.39910E-08
     2     5     1     8    11    10   2.42550E-03   2.42550E-03   6.70108E-12   2.76276E-09
     2     5     1     9    11    10   2.43425E-03   2.43425E-03   1.79260E-12   7.36411E-10
     2     5     1    10    11    10   2.42760E-03   2.42760E-03  -5.93234E-11  -2.44370E-08
     2     5     1    11    11    10   2.42107E-03   2.42107E-03   2.65541E-11   1.09679E-08
     2     5     1    12    11    10   2.41464E-03   2.41464E-03  -1.38804E-12  -5.74844E-10
     3     7     1     1    13    11   7.32339E+01   7.32339E+01  -1.29011E-05  -1.76164E-07
     3     7     1     2    13    11   7.44436E+01   7.44436E+01  -1.12482E-07  -1.51096E-09
     3     7     1     3    13    11   7.42379E+01   7.42379E+01   3.03700E-06   4.09091E-08
     3     7     1     4    13    11   7.40375E+01   7.40375E+01  -3.03701E-06  -4.10199E-08
     3     7     1     5    13    11   7.38417E+01   7.38417E+01   1.12482E-07   1.52328E-09
     3     7     1     6    13    11   7.34319E+01   7.34319E+01   4.77821E-07   6.50699E-09
     3     7     1     7    13    11   7.30400E+01   7.30400E+01   1.29012E-05   1.76632E-07
     3     7     1     8    13    11   7.28510E+01   7.28510E+01  -4.77821E-07  -6.55888E-09
     3     7     1     9    13    11   7.15464E+01   7.15464E+01  -9.44797E-08  -1.32054E-09
     3     7     1    10    13    11   7.13614E+01   7.13614E+01   2.55095E-06   3.57469E-08
     3     7     1    11    13    11   7.11808E+01   7.11808E+01  -2.55095E-06  -3.58377E-08
     3     7     1    12    13    11   7.10038E+01   7.10038E+01   9.44797E-08   1.33063E-09
     3     7     2     1    14    12   6.82841E+02   6.82840E+02  -1.17888E-04  -1.72644E-07
     3     7     2     2    14    12   7.36032E+02   7.36032E+02  -1.02783E-06  -1.39645E-09
     3     7     2     3    14    12   7.15347E+02   7.15347E+02   2.77515E-05   3.87945E-08
     3     7     2     4    14    12   6.95970E+02   6.95970E+02  -2.77515E-05  -3.98746E-08
     3     7     2     5    14    12   6.77648E+02   6.77648E+02   1.02783E-06   1.51677E-09
     3     7     2     6    14    12   7.01614E+02   7.01614E+02   4.36623E-06   6.22311E-09
     3     7     2     7    14    12   6.64799E+02   6.64799E+02   1.17888E-04   1.77329E-07
     3     7     2     8    14    12   6.47869E+02   6.47869E+02  -4.36623E-06  -6.73936E-09
     3     7     2     9    14    12   6.47572E+02   6.47572E+02  -8.63336E-07  -1.33319E-09
     3     7     2    10    14    12   6.31011E+02   6.31011E+02   2.33101E-05   3.69408E-08
     3     7     2    11    14    12   6.15333E+02   6.15333E+02  -2.33101E-05  -3.78820E-08
     3     7     2    12    14    12   6.00450E+02   6.00450E+02   8.63336E-07   1.43782E-09
     3     8     1     1    15    13   1.11323E-02   1.11323E-02  -1.19773E-09  -1.07590E-07
     3     8     1     2    15    13   1.11005E-02   1.11005E-02  -6.40180E-12  -5.76710E-10
     3     8     1     3    15    13   1.11176E-02   1.11176E-02   2.45399E-10   2.20731E-08
     3     8     1     4    15    13   1.11343E-02   1.11343E-02  -2.77423E-11  -2.49161E-09
     3     8     1     5    15    13   1.11507E-02   1.11507E-02   3.71456E-12   3.33122E-10
     3     8     1     6    15    13   1.11157E-02   1.11157E-02   2.93363E-11   2.63916E-09
     3     8     1     7    15    13   1.11486E-02   1.11486E-02  -2.04425E-11  -1.83364E-09
     3     8     1     8    15    13   1.11646E-02   1.11646E-02  -1.42680E-11  -1.27797E-09
     3     8     1     9    15    13   1.11438E-02   1.11438E-02  -5.37867E-12  -4.82658E-10
     3     8     1    10    15    13   1.11596E-02   1.11596E-02   2.05212E-10   1.83888E-08
     3     8     1    11    15    13   1.11751E-02   1.11751E-02  -2.52443E-11  -2.25898E-09
     3     8     1    12    15    13   1.11904E-02   1.11904E-02   3.15675E-12   2.82095E-10
     4    10     1     1    17    14   1.66891E+02   1.66891E+02  -2.90266E-05  -1.73925E-07
     4    10     1     2    17    14   1.70191E+02   1.70191E+02  -2.53076E-07  -1.48701E-09
     4    10     1     3    17    14   1.69303E+02   1.69303E+02   6.83303E-06   4.03598E-08
     4    10     1     4    17    14   1.68434E+02   1.68434E+02  -6.83310E-06  -4.05685E-08
     4    10     1     5    17    14   1.67581E+02   1.67581E+02   2.53077E-07   1.51017E-09
     4    10     1     6    17    14   1.67753E+02   1.67753E+02   1.07506E-06   6.40859E-09
     4    10     1     7    17    14   1.66045E+02   1.66045E+02   2.90269E-05   1.74814E-07
     4    10     1     8    17    14   1.65216E+02   1.65216E+02  -1.07507E-06  -6.50705E-09
     4    10     1     9    17    14   1.63046E+02   1.63046E+02  -2.12573E-07  -1.30376E-09
     4    10     1    10    17    14   1.62231E+02   1.62231E+02   5.73945E-06   3.53783E-08
     4    10     1    11    17    14   1.61432E+02   1.61432E+02  -5.73951E-06  -3.55537E-08
     4    10     1    12    17    14   1.60647E+02   1.60647E+02   2.12574E-07   1.32323E-09
     4    10     2     1    18    15   4.39676E+04   4.39676E+04  -7.54319E-03  -1.71563E-07
     4    10     2     2    18    15   4.77059E+04   4.77059E+04  -6.57670E-05  -1.37859E-09
     4    10     2     3    18    15   4.61944E+04   4.61944E+04   1.77571E-03   3.84400E-08
     4    10     2     4    18    15   4.47791E+04   4.47791E+04  -1.77571E-03  -3.96549E-08
     4    10     2     5    18    15   4.34426E+04   4.34426E+04   6.57670E-05   1.51388E-09
     4    10     2     6    18    15   4.53467E+04   4.53467E+04   2.79377E-04   6.16092E-09
     4    10     2     7    18    15   4.26469E+04   4.26469E+04   7.54319E-03   1.76876E-07
     4    10     2     8    18    15   4.14080E+04   4.14080E+04  -2.79377E-04  -6.74694E-09
     4    10     2     9    18    15   4.15432E+04   4.15432E+04  -5.52414E-05  -1.32974E-09
     4    10     2    10    18    15   4.03301E+04   4.03301E+04   1.49152E-03   3.69828E-08
     4    10     2    11    18    15   3.91833E+04   3.91833E+04  -1.49152E-03  -3.80652E-08
     4    10     2    12    18    15   3.80964E+04   3.80964E+04   5.52414E-05   1.45004E-09
     4    11     1     1    19    16   6.74457E-14   6.74457E-14  -1.24132E-20  -1.24132E-20
     4    11     1     2    19    16   6.06422E-14   6.06422E-14  -1.08227E-22  -1.08227E-22
     4    11     1     3    19    16   6.40987E-14   6.40987E-14   2.92213E-21   2.92213E-21
     4    11     1     4    19    16   6.74956E-14   6.74956E-14  -2.92213E-21  -2.92213E-21
     4    11     1     5    19    16   7.08351E-14   7.08351E-14   1.08227E-22   1.08227E-22
     4    11     1     6    19    16   6.40658E-14   6.40658E-14   4.59747E-22   4.59747E-22
     4    11     1     7    19    16   7.07677E-14   7.07677E-14   1.24132E-20   1.24132E-20
     4    11     1     8    19    16   7.40345E-14   7.40345E-14  -4.59747E-22  -4.59747E-22
     4    11     1     9    19    16   7.04750E-14   7.04750E-14  -9.09060E-23  -9.09060E-23
     4    11     1    10    19    16   7.37214E-14   7.37214E-14   2.45446E-21   2.45446E-21
     4    11     1    11    19    16   7.69137E-14   7.69137E-14  -2.45446E-21  -2.45446E-21
     4    11     1    12    19    16   8.00538E-14   8.00538E-14   9.09060E-23   9.09060E-23
