     1     1   1.00000E+00   1.00000E+00   0.00000E+00   0.00000E+00
     1     2   1.00000E+00   1.00000E+00   0.00000E+00   0.00000E+00
     1     3   1.00000E+00   1.00000E+00   0.00000E+00   0.00000E+00
     1     4   1.00000E+00   1.00000E+00   0.00000E+00   0.00000E+00
     1     5   1.00000E+00   1.00000E+00   0.00000E+00   0.00000E+00
     1     6   1.00000E+00   1.00000E+00   0.00000E+00   0.00000E+00
     1     7   1.00000E+00   1.00000E+00   0.00000E+00   0.00000E+00
     1     8   1.00000E+00   1.00000E+00   0.00000E+00   0.00000E+00
     1     9   1.00000E+00   1.00000E+00   0.00000E+00   0.00000E+00
     1    10   1.00000E+00   1.00000E+00   0.00000E+00   0.00000E+00
     1    11   1.00000E+00   1.00000E+00   0.00000E+00   0.00000E+00
     1    12   1.00000E+00   1.00000E+00   0.00000E+00   0.00000E+00
 *******************************
     2     1   1.00000E+00   1.00000E+00   0.00000E+00   0.00000E+00
     2     2   1.00000E+00   1.00000E+00   0.00000E+00   0.00000E+00
     2     3   1.00000E+00   1.00000E+00   0.00000E+00   0.00000E+00
     2     4   1.00000E+00   1.00000E+00   0.00000E+00   0.00000E+00
     2     5   1.00000E+00   1.00000E+00   0.00000E+00   0.00000E+00
     2     6   1.00000E+00   1.00000E+00   0.00000E+00   0.00000E+00
     2     7   1.00000E+00   1.00000E+00   0.00000E+00   0.00000E+00
     2     8   1.00000E+00   1.00000E+00   0.00000E+00   0.00000E+00
     2     9   1.00000E+00   1.00000E+00   0.00000E+00   0.00000E+00
     2    10   1.00000E+00   1.00000E+00   0.00000E+00   0.00000E+00
     2    11   1.00000E+00   1.00000E+00   0.00000E+00   0.00000E+00
     2    12   1.00000E+00   1.00000E+00   0.00000E+00   0.00000E+00
 *******************************
     3     1   1.00000E+00   1.00000E+00   0.00000E+00   0.00000E+00
     3     2   1.00000E+00   1.00000E+00   0.00000E+00   0.00000E+00
     3     3   1.00000E+00   1.00000E+00   0.00000E+00   0.00000E+00
     3     4   1.00000E+00   1.00000E+00   0.00000E+00   0.00000E+00
     3     5   1.00000E+00   1.00000E+00   0.00000E+00   0.00000E+00
     3     6   1.00000E+00   1.00000E+00   0.00000E+00   0.00000E+00
     3     7   1.00000E+00   1.00000E+00   0.00000E+00   0.00000E+00
     3     8   1.00000E+00   1.00000E+00   0.00000E+00   0.00000E+00
     3     9   1.00000E+00   1.00000E+00   0.00000E+00   0.00000E+00
     3    10   1.00000E+00   1.00000E+00   0.00000E+00   0.00000E+00
     3    11   1.00000E+00   1.00000E+00   0.00000E+00   0.00000E+00
     3    12   1.00000E+00   1.00000E+00   0.00000E+00   0.00000E+00
 *******************************
     4     1   1.00000E+00   1.00000E+00   0.00000E+00   0.00000E+00
     4     2   1.00000E+00   1.00000E+00   0.00000E+00   0.00000E+00
     4     3   1.00000E+00   1.00000E+00   0.00000E+00   0.00000E+00
     4     4   1.00000E+00   1.00000E+00   0.00000E+00   0.00000E+00
     4     5   1.00000E+00   1.00000E+00   0.00000E+00   0.00000E+00
     4     6   1.00000E+00   1.00000E+00   0.00000E+00   0.00000E+00
     4     7   1.00000E+00   1.00000E+00   0.00000E+00   0.00000E+00
     4     8   1.00000E+00   1.00000E+00   0.00000E+00   0.00000E+00
     4     9   1.00000E+00   1.00000E+00   0.00000E+00   0.00000E+00
     4    10   1.00000E+00   1.00000E+00   0.00000E+00   0.00000E+00
     4    11   1.00000E+00   1.00000E+00   0.00000E+00   0.00000E+00
     4    12   1.00000E+00   1.00000E+00   0.00000E+00   0.00000E+00
 *******************************
 -------------------------------
     1     1     1     1     5     5   1.52621E+00   1.52621E+00  -2.66514E-07  -1.74625E-07
     1     1     1     2     5     5   1.55392E+00   1.55392E+00  -2.32367E-09  -1.49536E-09
     1     1     1     3     5     5   1.54751E+00   1.54751E+00   6.27390E-08   4.05420E-08
     1     1     1     4     5     5   1.54124E+00   1.54124E+00  -6.27392E-08  -4.07070E-08
     1     1     1     5     5     5   1.53510E+00   1.53510E+00   2.32367E-09   1.51370E-09
     1     1     1     6     5     5   1.53242E+00   1.53242E+00   9.87092E-09   6.44139E-09
     1     1     1     7     5     5   1.52011E+00   1.52011E+00   2.66516E-07   1.75326E-07
     1     1     1     8     5     5   1.51415E+00   1.51415E+00  -9.87093E-09  -6.51911E-09
     1     1     1     9     5     5   1.49164E+00   1.49164E+00  -1.95178E-09  -1.30848E-09
     1     1     1    10     5     5   1.48579E+00   1.48579E+00   5.26981E-08   3.54682E-08
     1     1     1    11     5     5   1.48005E+00   1.48005E+00  -5.26982E-08  -3.56057E-08
     1     1     1    12     5     5   1.47442E+00   1.47442E+00   1.95178E-09   1.32376E-09
     1     1     2     1     6     6   4.15379E+01   4.15379E+01  -7.13995E-06  -1.71890E-07
     1     1     2     2     6     6   4.46590E+01   4.46590E+01  -6.22513E-08  -1.39392E-09
     1     1     2     3     6     6   4.34331E+01   4.34331E+01   1.68078E-06   3.86982E-08
     1     1     2     4     6     6   4.22779E+01   4.22779E+01  -1.68078E-06  -3.97556E-08
     1     1     2     5     6     6   4.11868E+01   4.11868E+01   6.22513E-08   1.51144E-09
     1     1     2     6     6     6   4.26680E+01   4.26680E+01   2.64443E-07   6.19768E-09
     1     1     2     7     6     6   4.04681E+01   4.04681E+01   7.13995E-06   1.76434E-07
     1     1     2     8     6     6   3.94589E+01   3.94589E+01  -2.64443E-07  -6.70173E-09
     1     1     2     9     6     6   3.95310E+01   3.95310E+01  -5.22884E-08  -1.32272E-09
     1     1     2    10     6     6   3.85390E+01   3.85390E+01   1.41179E-06   3.66327E-08
     1     1     2    11     6     6   3.76006E+01   3.76006E+01  -1.41179E-06  -3.75469E-08
     1     1     2    12     6     6   3.67101E+01   3.67101E+01   5.22884E-08   1.42436E-09
     1     2     1     1     7     7   6.32065E-02   6.32065E-02  -4.02890E-09  -6.37419E-08
     1     2     1     2     7     7   6.31700E-02   6.31700E-02  -1.26609E-11  -2.00426E-10
     1     2     1     3     7     7   6.31896E-02   6.31896E-02   7.39746E-10   1.17068E-08
     1     2     1     4     7     7   6.32089E-02   6.32089E-02   4.55933E-10   7.21311E-09
     1     2     1     5     7     7   6.32278E-02   6.32278E-02  -2.14750E-12  -3.39645E-11
     1     2     1     6     7     7   6.31874E-02   6.31874E-02   7.39929E-11   1.17101E-09
     1     2     1     7     7     7   6.32252E-02   6.32252E-02  -2.64968E-09  -4.19086E-08
     1     2     1     8     7     7   6.32437E-02   6.32437E-02   2.23675E-11   3.53672E-10
     1     2     1     9     7     7   6.32196E-02   6.32196E-02  -1.07039E-11  -1.69313E-10
     1     2     1    10     7     7   6.32377E-02   6.32377E-02   6.17952E-10   9.77189E-09
     1     2     1    11     7     7   6.32556E-02   6.32556E-02   3.70679E-10   5.86003E-09
     1     2     1    12     7     7   6.32731E-02   6.32731E-02  -1.54399E-12  -2.44019E-11
     2     4     1     1     9     8   2.11935E+02   2.11935E+02  -3.70434E-05  -1.74787E-07
     2     4     1     2     9     8   2.16779E+02   2.16779E+02  -3.22975E-07  -1.48988E-09
     2     4     1     3     9     8   2.15240E+02   2.15240E+02   8.72027E-06   4.05141E-08
     2     4     1     4     9     8   2.13732E+02   2.13732E+02  -8.72047E-06  -4.08010E-08
     2     4     1     5     9     8   2.12252E+02   2.12252E+02   3.22978E-07   1.52167E-09
     2     4     1     6     9     8   2.13437E+02   2.13437E+02   1.37199E-06   6.42810E-09
     2     4     1     7     9     8   2.10460E+02   2.10461E+02   3.70446E-05   1.76017E-07
     2     4     1     8     9     8   2.09015E+02   2.09015E+02  -1.37201E-06  -6.56414E-09
     2     4     1     9     9     8   2.06819E+02   2.06819E+02  -2.71285E-07  -1.31170E-09
     2     4     1    10     9     8   2.05392E+02   2.05392E+02   7.32465E-06   3.56619E-08
     2     4     1    11     9     8   2.03992E+02   2.03992E+02  -7.32481E-06  -3.59074E-08
     2     4     1    12     9     8   2.02617E+02   2.02617E+02   2.71287E-07   1.33892E-09
     2     4     2     1    10     9   1.54766E+06   1.54766E+06  -2.64320E-01  -1.70787E-07
     2     4     2     2    10     9   1.69224E+06   1.69224E+06  -2.30453E-03  -1.36182E-09
     2     4     2     3    10     9   1.63720E+06   1.63720E+06   6.22224E-02   3.80054E-08
     2     4     2     4    10     9   1.58546E+06   1.58546E+06  -6.22224E-02  -3.92457E-08
     2     4     2     5    10     9   1.53672E+06   1.53672E+06   2.30453E-03   1.49965E-09
     2     4     2     6    10     9   1.59792E+06   1.59792E+06   9.78962E-03   6.12647E-09
     2     4     2     7    10     9   1.50022E+06   1.50023E+06   2.64320E-01   1.76187E-07
     2     4     2     8    10     9   1.45557E+06   1.45557E+06  -9.78962E-03  -6.72564E-09
     2     4     2     9    10     9   1.45547E+06   1.45547E+06  -1.93571E-03  -1.32995E-09
     2     4     2    10    10     9   1.41203E+06   1.41203E+06   5.22641E-02   3.70133E-08
     2     4     2    11    10     9   1.37104E+06   1.37104E+06  -5.22641E-02  -3.81200E-08
     2     4     2    12    10     9   1.33224E+06   1.33224E+06   1.93571E-03   1.45297E-09
     2     5     1     1    11    10   2.43969E-03   2.43969E-03   3.00584E-10   1.23206E-07
     2     5     1     2    11    10   2.45298E-03   2.45298E-03   1.81904E-12   7.41561E-10
     2     5     1     3    11    10   2.44584E-03   2.44584E-03  -6.35734E-11  -2.59925E-08
     2     5     1     4    11    10   2.43881E-03   2.43881E-03   2.01952E-11   8.28076E-09
     2     5     1     5    11    10   2.43190E-03   2.43190E-03  -1.28350E-12  -5.27778E-10
     2     5     1     6    11    10   2.44665E-03   2.44665E-03  -8.13583E-12  -3.32530E-09
     2     5     1     7    11    10   2.43286E-03   2.43286E-03  -5.78029E-11  -2.37592E-08
     2     5     1     8    11    10   2.42613E-03   2.42613E-03   5.13781E-12   2.11769E-09
     2     5     1     9    11    10   2.43492E-03   2.43492E-03   1.52739E-12   6.27285E-10
     2     5     1    10    11    10   2.42831E-03   2.42830E-03  -5.31951E-11  -2.19063E-08
     2     5     1    11    11    10   2.42180E-03   2.42180E-03   1.73283E-11   7.15514E-09
     2     5     1    12    11    10   2.41539E-03   2.41539E-03  -1.08459E-12  -4.49032E-10
     3     7     1     1    13    11   7.32108E+01   7.32108E+01  -1.28386E-05  -1.75365E-07
     3     7     1     2    13    11   7.43982E+01   7.43982E+01  -1.11937E-07  -1.50456E-09
     3     7     1     3    13    11   7.41923E+01   7.41923E+01   3.02229E-06   4.07358E-08
     3     7     1     4    13    11   7.39918E+01   7.39918E+01  -3.02229E-06  -4.08463E-08
     3     7     1     5    13    11   7.37958E+01   7.37958E+01   1.11937E-07   1.51684E-09
     3     7     1     6    13    11   7.34089E+01   7.34089E+01   4.75505E-07   6.47749E-09
     3     7     1     7    13    11   7.30167E+01   7.30167E+01   1.28386E-05   1.75832E-07
     3     7     1     8    13    11   7.28276E+01   7.28276E+01  -4.75505E-07  -6.52918E-09
     3     7     1     9    13    11   7.15647E+01   7.15647E+01  -9.40219E-08  -1.31380E-09
     3     7     1    10    13    11   7.13798E+01   7.13798E+01   2.53859E-06   3.55646E-08
     3     7     1    11    13    11   7.11991E+01   7.11991E+01  -2.53859E-06  -3.56548E-08
     3     7     1    12    13    11   7.10219E+01   7.10219E+01   9.40219E-08   1.32384E-09
     3     7     2     1    14    12   7.27991E+02   7.27990E+02  -1.25265E-04  -1.72070E-07
     3     7     2     2    14    12   7.82629E+02   7.82629E+02  -1.09216E-06  -1.39550E-09
     3     7     2     3    14    12   7.61162E+02   7.61162E+02   2.94882E-05   3.87410E-08
     3     7     2     4    14    12   7.40932E+02   7.40932E+02  -2.94882E-05  -3.97988E-08
     3     7     2     5    14    12   7.21826E+02   7.21826E+02   1.09216E-06   1.51305E-09
     3     7     2     6    14    12   7.47783E+02   7.47783E+02   4.63946E-06   6.20429E-09
     3     7     2     7    14    12   7.09255E+02   7.09256E+02   1.25265E-04   1.76615E-07
     3     7     2     8    14    12   6.91581E+02   6.91581E+02  -4.63946E-06  -6.70849E-09
     3     7     2     9    14    12   6.92858E+02   6.92858E+02  -9.17364E-07  -1.32403E-09
     3     7     2    10    14    12   6.75482E+02   6.75482E+02   2.47688E-05   3.66683E-08
     3     7     2    11    14    12   6.59047E+02   6.59046E+02  -2.47688E-05  -3.75828E-08
     3     7     2    12    14    12   6.43450E+02   6.43450E+02   9.17363E-07   1.42570E-09
     3     8     1     1    15    13   1.11309E-02   1.11309E-02  -1.06596E-09  -9.57662E-08
     3     8     1     2    15    13   1.10994E-02   1.10994E-02  -5.30983E-12  -4.78390E-10
     3     8     1     3    15    13   1.11163E-02   1.11163E-02   2.14885E-10   1.93305E-08
     3     8     1     4    15    13   1.11330E-02   1.11330E-02  -3.22607E-13  -2.89775E-11
     3     8     1     5    15    13   1.11494E-02   1.11494E-02   2.66081E-12   2.38650E-10
     3     8     1     6    15    13   1.11144E-02   1.11144E-02   2.46698E-11   2.21962E-09
     3     8     1     7    15    13   1.11471E-02   1.11471E-02  -1.34883E-10  -1.21002E-08
     3     8     1     8    15    13   1.11631E-02   1.11631E-02  -9.81581E-12  -8.79309E-10
     3     8     1     9    15    13   1.11422E-02   1.11422E-02  -4.46170E-12  -4.00431E-10
     3     8     1    10    15    13   1.11579E-02   1.11579E-02   1.79601E-10   1.60962E-08
     3     8     1    11    15    13   1.11734E-02   1.11734E-02  -2.19221E-12  -1.96199E-10
     3     8     1    12    15    13   1.11886E-02   1.11886E-02   2.27137E-12   2.03008E-10
     4    10     1     1    17    14   1.66869E+02   1.66868E+02  -2.92092E-05  -1.75043E-07
     4    10     1     2    17    14   1.70114E+02   1.70114E+02  -2.54668E-07  -1.49704E-09
     4    10     1     3    17    14   1.69226E+02   1.69226E+02   6.87603E-06   4.06321E-08
     4    10     1     4    17    14   1.68357E+02   1.68357E+02  -6.87607E-06  -4.08422E-08
     4    10     1     5    17    14   1.67505E+02   1.67505E+02   2.54669E-07   1.52037E-09
     4    10     1     6    17    14   1.67731E+02   1.67731E+02   1.08183E-06   6.44977E-09
     4    10     1     7    17    14   1.66022E+02   1.66022E+02   2.92095E-05   1.75937E-07
     4    10     1     8    17    14   1.65193E+02   1.65193E+02  -1.08183E-06  -6.54888E-09
     4    10     1     9    17    14   1.63123E+02   1.63123E+02  -2.13910E-07  -1.31134E-09
     4    10     1    10    17    14   1.62308E+02   1.62308E+02   5.77556E-06   3.55840E-08
     4    10     1    11    17    14   1.61509E+02   1.61509E+02  -5.77560E-06  -3.57603E-08
     4    10     1    12    17    14   1.60724E+02   1.60724E+02   2.13911E-07   1.33092E-09
     4    10     2     1    18    15   4.68633E+04   4.68633E+04  -8.03480E-03  -1.71452E-07
     4    10     2     2    18    15   5.07164E+04   5.07164E+04  -7.00532E-05  -1.38127E-09
     4    10     2     3    18    15   4.91429E+04   4.91429E+04   1.89144E-03   3.84885E-08
     4    10     2     4    18    15   4.76615E+04   4.76615E+04  -1.89144E-03  -3.96848E-08
     4    10     2     5    18    15   4.62640E+04   4.62640E+04   7.00532E-05   1.51421E-09
     4    10     2     6    18    15   4.83196E+04   4.83196E+04   2.97585E-04   6.15869E-09
     4    10     2     7    18    15   4.54869E+04   4.54869E+04   8.03480E-03   1.76640E-07
     4    10     2     8    18    15   4.41896E+04   4.41896E+04  -2.97585E-04  -6.73428E-09
     4    10     2     9    18    15   4.44344E+04   4.44344E+04  -5.88417E-05  -1.32424E-09
     4    10     2    10    18    15   4.31580E+04   4.31580E+04   1.58872E-03   3.68118E-08
     4    10     2    11    18    15   4.19520E+04   4.19520E+04  -1.58872E-03  -3.78700E-08
     4    10     2    12    18    15   4.08093E+04   4.08093E+04   5.88416E-05   1.44187E-09
     4    11     1     1    19    16   6.72489E-14   6.72489E-14  -1.22992E-20  -1.22992E-20
     4    11     1     2    19    16   6.04742E-14   6.04742E-14  -1.07233E-22  -1.07233E-22
     4    11     1     3    19    16   6.39228E-14   6.39228E-14   2.89530E-21   2.89530E-21
     4    11     1     4    19    16   6.73118E-14   6.73118E-14  -2.89528E-21  -2.89528E-21
     4    11     1     5    19    16   7.06439E-14   7.06439E-14   1.07233E-22   1.07233E-22
     4    11     1     6    19    16   6.38774E-14   6.38774E-14   4.55525E-22   4.55525E-22
     4    11     1     7    19    16   7.05631E-14   7.05632E-14   1.22991E-20   1.22991E-20
     4    11     1     8    19    16   7.38225E-14   7.38225E-14  -4.55524E-22  -4.55524E-22
     4    11     1     9    19    16   7.02465E-14   7.02465E-14  -9.00711E-23  -9.00711E-23
     4    11     1    10    19    16   7.34847E-14   7.34847E-14   2.43192E-21   2.43192E-21
     4    11     1    11    19    16   7.66691E-14   7.66691E-14  -2.43191E-21  -2.43191E-21
     4    11     1    12    19    16   7.98016E-14   7.98016E-14   9.00709E-23   9.00709E-23
