     1     1   1.00000E+00   1.00000E+00   0.00000E+00   0.00000E+00
     1     2   1.00000E+00   1.00000E+00   0.00000E+00   0.00000E+00
     1     3   1.00000E+00   1.00000E+00   0.00000E+00   0.00000E+00
     1     4   1.00000E+00   1.00000E+00   0.00000E+00   0.00000E+00
     1     5   1.00000E+00   1.00000E+00   0.00000E+00   0.00000E+00
     1     6   1.00000E+00   1.00000E+00   0.00000E+00   0.00000E+00
     1     7   1.00000E+00   1.00000E+00   0.00000E+00   0.00000E+00
     1     8   1.00000E+00   1.00000E+00   0.00000E+00   0.00000E+00
     1     9   1.00000E+00   1.00000E+00   0.00000E+00   0.00000E+00
     1    10   1.00000E+00   1.00000E+00   0.00000E+00   0.00000E+00
     1    11   1.00000E+00   1.00000E+00   0.00000E+00   0.00000E+00
     1    12   1.00000E+00   1.00000E+00   0.00000E+00   0.00000E+00
 *******************************
     2     1   1.00000E+00   1.00000E+00   0.00000E+00   0.00000E+00
     2     2   1.00000E+00   1.00000E+00   0.00000E+00   0.00000E+00
     2     3   1.00000E+00   1.00000E+00   0.00000E+00   0.00000E+00
     2     4   1.00000E+00   1.00000E+00   0.00000E+00   0.00000E+00
     2     5   1.00000E+00   1.00000E+00   0.00000E+00   0.00000E+00
     2     6   1.00000E+00   1.00000E+00   0.00000E+00   0.00000E+00
     2     7   1.00000E+00   1.00000E+00   0.00000E+00   0.00000E+00
     2     8   1.00000E+00   1.00000E+00   0.00000E+00   0.00000E+00
     2     9   1.00000E+00   1.00000E+00   0.00000E+00   0.00000E+00
     2    10   1.00000E+00   1.00000E+00   0.00000E+00   0.00000E+00
     2    11   1.00000E+00   1.00000E+00   0.00000E+00   0.00000E+00
     2    12   1.00000E+00   1.00000E+00   0.00000E+00   0.00000E+00
 *******************************
     3     1   1.00000E+00   1.00000E+00   0.00000E+00   0.00000E+00
     3     2   1.00000E+00   1.00000E+00   0.00000E+00   0.00000E+00
     3     3   1.00000E+00   1.00000E+00   0.00000E+00   0.00000E+00
     3     4   1.00000E+00   1.00000E+00   0.00000E+00   0.00000E+00
     3     5   1.00000E+00   1.00000E+00   0.00000E+00   0.00000E+00
     3     6   1.00000E+00   1.00000E+00   0.00000E+00   0.00000E+00
     3     7   1.00000E+00   1.00000E+00   0.00000E+00   0.00000E+00
     3     8   1.00000E+00   1.00000E+00   0.00000E+00   0.00000E+00
     3     9   1.00000E+00   1.00000E+00   0.00000E+00   0.00000E+00
     3    10   1.00000E+00   1.00000E+00   0.00000E+00   0.00000E+00
     3    11   1.00000E+00   1.00000E+00   0.00000E+00   0.00000E+00
     3    12   1.00000E+00   1.00000E+00   0.00000E+00   0.00000E+00
 *******************************
     4     1   1.00000E+00   1.00000E+00   0.00000E+00   0.00000E+00
     4     2   1.00000E+00   1.00000E+00   0.00000E+00   0.00000E+00
     4     3   1.00000E+00   1.00000E+00   0.00000E+00   0.00000E+00
     4     4   1.00000E+00   1.00000E+00   0.00000E+00   0.00000E+00
     4     5   1.00000E+00   1.00000E+00   0.00000E+00   0.00000E+00
     4     6   1.00000E+00   1.00000E+00   0.00000E+00   0.00000E+00
     4     7   1.00000E+00   1.00000E+00   0.00000E+00   0.00000E+00
     4     8   1.00000E+00   1.00000E+00   0.00000E+00   0.00000E+00
     4     9   1.00000E+00   1.00000E+00   0.00000E+00   0.00000E+00
     4    10   1.00000E+00   1.00000E+00   0.00000E+00   0.00000E+00
     4    11   1.00000E+00   1.00000E+00   0.00000E+00   0.00000E+00
     4    12   1.00000E+00   1.00000E+00   0.00000E+00   0.00000E+00
 *******************************
 -------------------------------
     1     1     1     1     5     5   1.60242E+00   1.60242E+00  -2.79743E-07  -1.74576E-07
     1     1     1     2     5     5   1.63407E+00   1.63407E+00  -2.43901E-09  -1.49259E-09
     1     1     1     3     5     5   1.62832E+00   1.62832E+00   6.58532E-08   4.04425E-08
     1     1     1     4     5     5   1.62240E+00   1.62240E+00  -6.58532E-08  -4.05900E-08
     1     1     1     5     5     5   1.61647E+00   1.61647E+00   2.43900E-09   1.50885E-09
     1     1     1     6     5     5   1.60795E+00   1.60795E+00   1.03609E-08   6.44354E-09
     1     1     1     7     5     5   1.59669E+00   1.59669E+00   2.79743E-07   1.75202E-07
     1     1     1     8     5     5   1.59094E+00   1.59094E+00  -1.03609E-08  -6.51240E-09
     1     1     1     9     5     5   1.55868E+00   1.55868E+00  -2.04866E-09  -1.31435E-09
     1     1     1    10     5     5   1.55353E+00   1.55353E+00   5.53138E-08   3.56053E-08
     1     1     1    11     5     5   1.54817E+00   1.54817E+00  -5.53138E-08  -3.57285E-08
     1     1     1    12     5     5   1.54277E+00   1.54277E+00   2.04866E-09   1.32791E-09
     1     1     2     1     6     6   4.81247E+01   4.81247E+01  -8.56078E-06  -1.77888E-07
     1     1     2     2     6     6   4.48460E+01   4.48460E+01  -7.46392E-08  -1.66434E-09
     1     1     2     3     6     6   5.09982E+01   5.09982E+01   2.01526E-06   3.95162E-08
     1     1     2     4     6     6   5.43119E+01   5.43119E+01  -2.01526E-06  -3.71053E-08
     1     1     2     5     6     6   5.62971E+01   5.62971E+01   7.46391E-08   1.32581E-09
     1     1     2     6     6     6   4.22632E+01   4.22632E+01   3.17066E-07   7.50218E-09
     1     1     2     7     6     6   5.14982E+01   5.14982E+01   8.56078E-06   1.66235E-07
     1     1     2     8     6     6   5.36031E+01   5.36031E+01  -3.17066E-07  -5.91506E-09
     1     1     2     9     6     6   3.82297E+01   3.82297E+01  -6.26936E-08  -1.63992E-09
     1     1     2    10     6     6   4.37691E+01   4.37691E+01   1.69273E-06   3.86741E-08
     1     1     2    11     6     6   4.71813E+01   4.71813E+01  -1.69273E-06  -3.58771E-08
     1     1     2    12     6     6   4.94248E+01   4.94248E+01   6.26937E-08   1.26847E-09
     1     2     1     1     7     7   6.32192E-02   6.32192E-02  -7.18676E-09  -1.13680E-07
     1     2     1     2     7     7   6.31801E-02   6.31801E-02  -3.80817E-11  -6.02748E-10
     1     2     1     3     7     7   6.32006E-02   6.32006E-02   1.41887E-09   2.24503E-08
     1     2     1     4     7     7   6.32207E-02   6.32207E-02  -2.46206E-10  -3.89439E-09
     1     2     1     5     7     7   6.32403E-02   6.32403E-02   2.35883E-11   3.72995E-10
     1     2     1     6     7     7   6.31991E-02   6.31991E-02   1.87651E-10   2.96921E-09
     1     2     1     7     7     7   6.32388E-02   6.32388E-02   6.28112E-10   9.93239E-09
     1     2     1     8     7     7   6.32579E-02   6.32579E-02  -1.01920E-10  -1.61119E-09
     1     2     1     9     7     7   6.32348E-02   6.32348E-02  -3.19930E-11  -5.05940E-10
     1     2     1    10     7     7   6.32541E-02   6.32541E-02   1.18681E-09   1.87626E-08
     1     2     1    11     7     7   6.32729E-02   6.32729E-02  -2.17205E-10  -3.43282E-09
     1     2     1    12     7     7   6.32913E-02   6.32913E-02   2.00080E-11   3.16125E-10
     2     4     1     1     9     8   2.21784E+02   2.21784E+02  -3.85357E-05  -1.73753E-07
     2     4     1     2     9     8   2.27313E+02   2.27313E+02  -3.35982E-07  -1.47806E-09
     2     4     1     3     9     8   2.25821E+02   2.25821E+02   9.07151E-06   4.01713E-08
     2     4     1     4     9     8   2.24318E+02   2.24318E+02  -9.07151E-06  -4.04404E-08
     2     4     1     5     9     8   2.22824E+02   2.22824E+02   3.35982E-07   1.50784E-09
     2     4     1     6     9     8   2.23233E+02   2.23233E+02   1.42725E-06   6.39353E-09
     2     4     1     7     9     8   2.20318E+02   2.20318E+02   3.85357E-05   1.74909E-07
     2     4     1     8     9     8   2.18861E+02   2.18861E+02  -1.42725E-06  -6.52124E-09
     2     4     1     9     9     8   2.15242E+02   2.15242E+02  -2.82210E-07  -1.31113E-09
     2     4     1    10     9     8   2.13871E+02   2.13871E+02   7.61968E-06   3.56274E-08
     2     4     1    11     9     8   2.12484E+02   2.12484E+02  -7.61968E-06  -3.58599E-08
     2     4     1    12     9     8   2.11102E+02   2.11102E+02   2.82210E-07   1.33684E-09
     2     4     2     1    10     9   1.78049E+06   1.78049E+06  -3.14063E-01  -1.76392E-07
     2     4     2     2    10     9   1.69009E+06   1.69009E+06  -2.73823E-03  -1.62017E-09
     2     4     2     3    10     9   1.91103E+06   1.91103E+06   7.39321E-02   3.86870E-08
     2     4     2     4    10     9   2.02387E+06   2.02387E+06  -7.39321E-02  -3.65301E-08
     2     4     2     5    10     9   2.08635E+06   2.08635E+06   2.73823E-03   1.31245E-09
     2     4     2     6    10     9   1.57246E+06   1.57246E+06   1.16320E-02   7.39732E-09
     2     4     2     7    10     9   1.89482E+06   1.89482E+06   3.14063E-01   1.65748E-07
     2     4     2     8    10     9   1.96161E+06   1.96161E+06  -1.16320E-02  -5.92981E-09
     2     4     2     9    10     9   1.39529E+06   1.39529E+06  -2.29999E-03  -1.64840E-09
     2     4     2    10    10     9   1.58869E+06   1.58869E+06   6.20998E-02   3.90886E-08
     2     4     2    11    10     9   1.70336E+06   1.70336E+06  -6.20998E-02  -3.64572E-08
     2     4     2    12    10     9   1.77496E+06   1.77496E+06   2.29999E-03   1.29580E-09
     2     5     1     1    11    10   2.43506E-03   2.43506E-03   4.26877E-10   1.75305E-07
     2     5     1     2    11    10   2.44929E-03   2.44929E-03   3.72005E-12   1.51883E-09
     2     5     1     3    11    10   2.44182E-03   2.44182E-03  -1.00474E-10  -4.11470E-08
     2     5     1     4    11    10   2.43452E-03   2.43452E-03   1.00377E-10   4.12305E-08
     2     5     1     5    11    10   2.42736E-03   2.42736E-03  -3.71885E-12  -1.53205E-09
     2     5     1     6    11    10   2.44236E-03   2.44236E-03  -1.58036E-11  -6.47060E-09
     2     5     1     7    11    10   2.42792E-03   2.42792E-03  -4.26334E-10  -1.75596E-07
     2     5     1     8    11    10   2.42093E-03   2.42093E-03   1.57968E-11   6.52511E-09
     2     5     1     9    11    10   2.42936E-03   2.42936E-03   3.12467E-12   1.28621E-09
     2     5     1    10    11    10   2.42233E-03   2.42233E-03  -8.43929E-11  -3.48396E-08
     2     5     1    11    11    10   2.41547E-03   2.41547E-03   8.43126E-11   3.49052E-08
     2     5     1    12    11    10   2.40876E-03   2.40876E-03  -3.12368E-12  -1.29680E-09
     3     7     1     1    13    11   7.69725E+01   7.69725E+01  -1.33987E-05  -1.74072E-07
     3     7     1     2    13    11   7.83292E+01   7.83292E+01  -1.16820E-07  -1.49140E-09
     3     7     1     3    13    11   7.81617E+01   7.81617E+01   3.15414E-06   4.03540E-08
     3     7     1     4    13    11   7.79851E+01   7.79851E+01  -3.15414E-06  -4.04454E-08
     3     7     1     5    13    11   7.78063E+01   7.78063E+01   1.16820E-07   1.50142E-09
     3     7     1     6    13    11   7.71311E+01   7.71311E+01   4.96249E-07   6.43385E-09
     3     7     1     7    13    11   7.68028E+01   7.68028E+01   1.33987E-05   1.74456E-07
     3     7     1     8    13    11   7.66308E+01   7.66308E+01  -4.96249E-07  -6.47584E-09
     3     7     1     9    13    11   7.49074E+01   7.49074E+01  -9.81237E-08  -1.30993E-09
     3     7     1    10    13    11   7.47621E+01   7.47621E+01   2.64934E-06   3.54369E-08
     3     7     1    11    13    11   7.46059E+01   7.46059E+01  -2.64934E-06  -3.55111E-08
     3     7     1    12    13    11   7.44461E+01   7.44461E+01   9.81236E-08   1.31805E-09
     3     7     2     1    14    12   8.43449E+02   8.43449E+02  -1.50027E-04  -1.77874E-07
     3     7     2     2    14    12   7.85920E+02   7.85920E+02  -1.30805E-06  -1.66435E-09
     3     7     2     3    14    12   8.93757E+02   8.93757E+02   3.53173E-05   3.95156E-08
     3     7     2     4    14    12   9.51850E+02   9.51850E+02  -3.53173E-05  -3.71039E-08
     3     7     2     5    14    12   9.86663E+02   9.86663E+02   1.30805E-06   1.32573E-09
     3     7     2     6    14    12   7.40703E+02   7.40703E+02   5.55657E-06   7.50175E-09
     3     7     2     7    14    12   9.02594E+02   9.02594E+02   1.50027E-04   1.66218E-07
     3     7     2     8    14    12   9.39506E+02   9.39506E+02  -5.55657E-06  -5.91436E-09
     3     7     2     9    14    12   6.70069E+02   6.70069E+02  -1.09870E-06  -1.63969E-09
     3     7     2    10    14    12   7.67174E+02   7.67174E+02   2.96650E-05   3.86679E-08
     3     7     2    11    14    12   8.26998E+02   8.26998E+02  -2.96650E-05  -3.58707E-08
     3     7     2    12    14    12   8.66339E+02   8.66339E+02   1.09870E-06   1.26821E-09
     3     8     1     1    15    13   1.11419E-02   1.11419E-02  -1.99963E-09  -1.79469E-07
     3     8     1     2    15    13   1.11081E-02   1.11081E-02  -1.70397E-11  -1.53398E-09
     3     8     1     3    15    13   1.11259E-02   1.11259E-02   4.67052E-10   4.19789E-08
     3     8     1     4    15    13   1.11432E-02   1.11432E-02  -4.46111E-10  -4.00344E-08
     3     8     1     5    15    13   1.11602E-02   1.11602E-02   1.67811E-11   1.50366E-09
     3     8     1     6    15    13   1.11246E-02   1.11246E-02   7.26134E-11   6.52729E-09
     3     8     1     7    15    13   1.11588E-02   1.11588E-02   1.88243E-09   1.68694E-07
     3     8     1     8    15    13   1.11754E-02   1.11754E-02  -7.11664E-11  -6.36811E-09
     3     8     1     9    15    13   1.11554E-02   1.11554E-02  -1.43136E-11  -1.28311E-09
     3     8     1    10    15    13   1.11721E-02   1.11721E-02   3.92239E-10   3.51087E-08
     3     8     1    11    15    13   1.11884E-02   1.11884E-02  -3.74925E-10  -3.35101E-08
     3     8     1    12    15    13   1.12043E-02   1.12043E-02   1.40999E-11   1.25843E-09
     4    10     1     1    17    14   1.75010E+02   1.75009E+02  -3.05121E-05  -1.74345E-07
     4    10     1     2    17    14   1.78718E+02   1.78718E+02  -2.66027E-07  -1.48853E-09
     4    10     1     3    17    14   1.77889E+02   1.77889E+02   7.18272E-06   4.03776E-08
     4    10     1     4    17    14   1.77045E+02   1.77045E+02  -7.18272E-06  -4.05699E-08
     4    10     1     5    17    14   1.76204E+02   1.76204E+02   2.66027E-07   1.50977E-09
     4    10     1     6    17    14   1.75809E+02   1.75809E+02   1.13008E-06   6.42785E-09
     4    10     1     7    17    14   1.74191E+02   1.74191E+02   3.05121E-05   1.75165E-07
     4    10     1     8    17    14   1.73374E+02   1.73374E+02  -1.13008E-06  -6.51816E-09
     4    10     1     9    17    14   1.70233E+02   1.70233E+02  -2.23451E-07  -1.31262E-09
     4    10     1    10    17    14   1.69482E+02   1.69482E+02   6.03317E-06   3.55977E-08
     4    10     1    11    17    14   1.68713E+02   1.68713E+02  -6.03317E-06  -3.57599E-08
     4    10     1    12    17    14   1.67942E+02   1.67942E+02   2.23451E-07   1.33052E-09
     4    10     2     1    18    15   5.39384E+04   5.39384E+04  -9.48122E-03  -1.75779E-07
     4    10     2     2    18    15   5.06684E+04   5.06684E+04  -8.26642E-05  -1.63147E-09
     4    10     2     3    18    15   5.73813E+04   5.73813E+04   2.23193E-03   3.88966E-08
     4    10     2     4    18    15   6.08615E+04   6.08615E+04  -2.23193E-03  -3.66723E-08
     4    10     2     5    18    15   6.28330E+04   6.28330E+04   8.26642E-05   1.31562E-09
     4    10     2     6    18    15   4.75715E+04   4.75715E+04   3.51156E-04   7.38165E-09
     4    10     2     7    18    15   5.74784E+04   5.74784E+04   9.48122E-03   1.64953E-07
     4    10     2     8    18    15   5.95813E+04   5.95813E+04  -3.51156E-04  -5.89374E-09
     4    10     2     9    18    15   4.26267E+04   4.26267E+04  -6.94343E-05  -1.62889E-09
     4    10     2    10    18    15   4.85914E+04   4.85914E+04   1.87473E-03   3.85815E-08
     4    10     2    11    18    15   5.21575E+04   5.21575E+04  -1.87473E-03  -3.59436E-08
     4    10     2    12    18    15   5.44097E+04   5.44097E+04   6.94343E-05   1.27614E-09
     4    11     1     1    19    16   7.00260E-14   7.00260E-14  -1.28231E-20  -1.28231E-20
     4    11     1     2    19    16   6.26886E-14   6.26886E-14  -1.11802E-22  -1.11802E-22
     4    11     1     3    19    16   6.63172E-14   6.63172E-14   3.01864E-21   3.01864E-21
     4    11     1     4    19    16   6.98619E-14   6.98619E-14  -3.01864E-21  -3.01864E-21
     4    11     1     5    19    16   7.33379E-14   7.33379E-14   1.11802E-22   1.11802E-22
     4    11     1     6    19    16   6.64557E-14   6.64557E-14   4.74931E-22   4.74931E-22
     4    11     1     7    19    16   7.35107E-14   7.35107E-14   1.28231E-20   1.28231E-20
     4    11     1     8    19    16   7.69262E-14   7.69262E-14  -4.74931E-22  -4.74931E-22
     4    11     1     9    19    16   7.36156E-14   7.36156E-14  -9.39084E-23  -9.39084E-23
     4    11     1    10    19    16   7.70897E-14   7.70897E-14   2.53553E-21   2.53553E-21
     4    11     1    11    19    16   8.04728E-14   8.04728E-14  -2.53553E-21  -2.53553E-21
     4    11     1    12    19    16   8.37857E-14   8.37857E-14   9.39084E-23   9.39084E-23
