     1     1   1.00000E+00   1.00000E+00   0.00000E+00   0.00000E+00
     1     2   1.00000E+00   1.00000E+00   0.00000E+00   0.00000E+00
     1     3   1.00000E+00   1.00000E+00   0.00000E+00   0.00000E+00
     1     4   1.00000E+00   1.00000E+00   0.00000E+00   0.00000E+00
     1     5   1.00000E+00   1.00000E+00   0.00000E+00   0.00000E+00
     1     6   1.00000E+00   1.00000E+00   0.00000E+00   0.00000E+00
     1     7   1.00000E+00   1.00000E+00   0.00000E+00   0.00000E+00
     1     8   1.00000E+00   1.00000E+00   0.00000E+00   0.00000E+00
     1     9   1.00000E+00   1.00000E+00   0.00000E+00   0.00000E+00
     1    10   1.00000E+00   1.00000E+00   0.00000E+00   0.00000E+00
     1    11   1.00000E+00   1.00000E+00   0.00000E+00   0.00000E+00
     1    12   1.00000E+00   1.00000E+00   0.00000E+00   0.00000E+00
 *******************************
     2     1   1.00000E+00   1.00000E+00   0.00000E+00   0.00000E+00
     2     2   1.00000E+00   1.00000E+00   0.00000E+00   0.00000E+00
     2     3   1.00000E+00   1.00000E+00   0.00000E+00   0.00000E+00
     2     4   1.00000E+00   1.00000E+00   0.00000E+00   0.00000E+00
     2     5   1.00000E+00   1.00000E+00   0.00000E+00   0.00000E+00
     2     6   1.00000E+00   1.00000E+00   0.00000E+00   0.00000E+00
     2     7   1.00000E+00   1.00000E+00   0.00000E+00   0.00000E+00
     2     8   1.00000E+00   1.00000E+00   0.00000E+00   0.00000E+00
     2     9   1.00000E+00   1.00000E+00   0.00000E+00   0.00000E+00
     2    10   1.00000E+00   1.00000E+00   0.00000E+00   0.00000E+00
     2    11   1.00000E+00   1.00000E+00   0.00000E+00   0.00000E+00
     2    12   1.00000E+00   1.00000E+00   0.00000E+00   0.00000E+00
 *******************************
     3     1   1.00000E+00   1.00000E+00   0.00000E+00   0.00000E+00
     3     2   1.00000E+00   1.00000E+00   0.00000E+00   0.00000E+00
     3     3   1.00000E+00   1.00000E+00   0.00000E+00   0.00000E+00
     3     4   1.00000E+00   1.00000E+00   0.00000E+00   0.00000E+00
     3     5   1.00000E+00   1.00000E+00   0.00000E+00   0.00000E+00
     3     6   1.00000E+00   1.00000E+00   0.00000E+00   0.00000E+00
     3     7   1.00000E+00   1.00000E+00   0.00000E+00   0.00000E+00
     3     8   1.00000E+00   1.00000E+00   0.00000E+00   0.00000E+00
     3     9   1.00000E+00   1.00000E+00   0.00000E+00   0.00000E+00
     3    10   1.00000E+00   1.00000E+00   0.00000E+00   0.00000E+00
     3    11   1.00000E+00   1.00000E+00   0.00000E+00   0.00000E+00
     3    12   1.00000E+00   1.00000E+00   0.00000E+00   0.00000E+00
 *******************************
     4     1   1.00000E+00   1.00000E+00   0.00000E+00   0.00000E+00
     4     2   1.00000E+00   1.00000E+00   0.00000E+00   0.00000E+00
     4     3   1.00000E+00   1.00000E+00   0.00000E+00   0.00000E+00
     4     4   1.00000E+00   1.00000E+00   0.00000E+00   0.00000E+00
     4     5   1.00000E+00   1.00000E+00   0.00000E+00   0.00000E+00
     4     6   1.00000E+00   1.00000E+00   0.00000E+00   0.00000E+00
     4     7   1.00000E+00   1.00000E+00   0.00000E+00   0.00000E+00
     4     8   1.00000E+00   1.00000E+00   0.00000E+00   0.00000E+00
     4     9   1.00000E+00   1.00000E+00   0.00000E+00   0.00000E+00
     4    10   1.00000E+00   1.00000E+00   0.00000E+00   0.00000E+00
     4    11   1.00000E+00   1.00000E+00   0.00000E+00   0.00000E+00
     4    12   1.00000E+00   1.00000E+00   0.00000E+00   0.00000E+00
 *******************************
 -------------------------------
     1     1     1     1     5     5   1.58264E+00   1.58264E+00  -2.76729E-07  -1.74852E-07
     1     1     1     2     5     5   1.61428E+00   1.61428E+00  -2.41273E-09  -1.49462E-09
     1     1     1     3     5     5   1.60838E+00   1.60838E+00   6.51436E-08   4.05025E-08
     1     1     1     4     5     5   1.60243E+00   1.60243E+00  -6.51436E-08  -4.06531E-08
     1     1     1     5     5     5   1.59649E+00   1.59649E+00   2.41273E-09   1.51127E-09
     1     1     1     6     5     5   1.58832E+00   1.58832E+00   1.02492E-08   6.45288E-09
     1     1     1     7     5     5   1.57687E+00   1.57687E+00   2.76729E-07   1.75493E-07
     1     1     1     8     5     5   1.57111E+00   1.57111E+00  -1.02492E-08  -6.52356E-09
     1     1     1     9     5     5   1.53952E+00   1.53952E+00  -2.02659E-09  -1.31638E-09
     1     1     1    10     5     5   1.53419E+00   1.53419E+00   5.47178E-08   3.56655E-08
     1     1     1    11     5     5   1.52878E+00   1.52878E+00  -5.47178E-08  -3.57918E-08
     1     1     1    12     5     5   1.52336E+00   1.52336E+00   2.02658E-09   1.33034E-09
     1     1     2     1     6     6   5.15212E+01   5.15212E+01  -9.10623E-06  -1.76747E-07
     1     1     2     2     6     6   4.94263E+01   4.94263E+01  -7.93947E-08  -1.60633E-09
     1     1     2     3     6     6   5.41475E+01   5.41476E+01   2.14366E-06   3.95892E-08
     1     1     2     4     6     6   5.66925E+01   5.66924E+01  -2.14366E-06  -3.78121E-08
     1     1     2     5     6     6   5.81997E+01   5.81997E+01   7.93947E-08   1.36418E-09
     1     1     2     6     6     6   4.69640E+01   4.69640E+01   3.37268E-07   7.18141E-09
     1     1     2     7     6     6   5.41064E+01   5.41064E+01   9.10623E-06   1.68302E-07
     1     1     2     8     6     6   5.57134E+01   5.57134E+01  -3.37268E-07  -6.05362E-09
     1     1     2     9     6     6   4.32281E+01   4.32281E+01  -6.66881E-08  -1.54270E-09
     1     1     2    10     6     6   4.75361E+01   4.75361E+01   1.80058E-06   3.78782E-08
     1     1     2    11     6     6   5.01752E+01   5.01752E+01  -1.80058E-06  -3.58858E-08
     1     1     2    12     6     6   5.18993E+01   5.18993E+01   6.66881E-08   1.28495E-09
     1     2     1     1     7     7   6.32179E-02   6.32179E-02  -5.91496E-09  -9.35646E-08
     1     2     1     2     7     7   6.31792E-02   6.31792E-02  -2.72618E-11  -4.31500E-10
     1     2     1     3     7     7   6.31995E-02   6.31995E-02   1.13605E-09   1.79756E-08
     1     2     1     4     7     7   6.32194E-02   6.32194E-02   6.48885E-11   1.02640E-09
     1     2     1     5     7     7   6.32390E-02   6.32390E-02   1.24116E-11   1.96266E-10
     1     2     1     6     7     7   6.31980E-02   6.31980E-02   1.39793E-10   2.21199E-09
     1     2     1     7     7     7   6.32373E-02   6.32373E-02  -7.99732E-10  -1.26465E-08
     1     2     1     8     7     7   6.32564E-02   6.32564E-02  -4.98688E-11  -7.88360E-10
     1     2     1     9     7     7   6.32333E-02   6.32333E-02  -2.29287E-11  -3.62604E-10
     1     2     1    10     7     7   6.32524E-02   6.32524E-02   9.49770E-10   1.50156E-08
     1     2     1    11     7     7   6.32711E-02   6.32711E-02   4.32120E-11   6.82967E-10
     1     2     1    12     7     7   6.32893E-02   6.32893E-02   1.06482E-11   1.68246E-10
     2     4     1     1     9     8   2.19056E+02   2.19056E+02  -3.83722E-05  -1.75171E-07
     2     4     1     2     9     8   2.24568E+02   2.24568E+02  -3.34557E-07  -1.48978E-09
     2     4     1     3     9     8   2.23065E+02   2.23065E+02   9.03304E-06   4.04950E-08
     2     4     1     4     9     8   2.21565E+02   2.21565E+02  -9.03304E-06  -4.07692E-08
     2     4     1     5     9     8   2.20078E+02   2.20078E+02   3.34557E-07   1.52017E-09
     2     4     1     6     9     8   2.20518E+02   2.20518E+02   1.42119E-06   6.44481E-09
     2     4     1     7     9     8   2.17592E+02   2.17592E+02   3.83722E-05   1.76349E-07
     2     4     1     8     9     8   2.16142E+02   2.16142E+02  -1.42119E-06  -6.57529E-09
     2     4     1     9     9     8   2.12607E+02   2.12607E+02  -2.81013E-07  -1.32175E-09
     2     4     1    10     9     8   2.11221E+02   2.11221E+02   7.58736E-06   3.59215E-08
     2     4     1    11     9     8   2.09834E+02   2.09834E+02  -7.58736E-06  -3.61589E-08
     2     4     1    12     9     8   2.08457E+02   2.08457E+02   2.81013E-07   1.34807E-09
     2     4     2     1    10     9   1.90598E+06   1.90598E+06  -3.33480E-01  -1.74965E-07
     2     4     2     2    10     9   1.86252E+06   1.86252E+06  -2.90753E-03  -1.56107E-09
     2     4     2     3    10     9   2.02889E+06   2.02889E+06   7.85032E-02   3.86926E-08
     2     4     2     4    10     9   2.11244E+06   2.11244E+06  -7.85032E-02  -3.71623E-08
     2     4     2     5    10     9   2.15674E+06   2.15674E+06   2.90752E-03   1.34811E-09
     2     4     2     6    10     9   1.74715E+06   1.74715E+06   1.23511E-02   7.06930E-09
     2     4     2     7    10     9   1.99063E+06   1.99064E+06   3.33480E-01   1.67525E-07
     2     4     2     8    10     9   2.03869E+06   2.03869E+06  -1.23511E-02  -6.05836E-09
     2     4     2     9    10     9   1.57746E+06   1.57746E+06  -2.44220E-03  -1.54818E-09
     2     4     2    10    10     9   1.72522E+06   1.72522E+06   6.59393E-02   3.82209E-08
     2     4     2    11    10     9   1.81127E+06   1.81127E+06  -6.59393E-02  -3.64050E-08
     2     4     2    12    10     9   1.86366E+06   1.86366E+06   2.44219E-03   1.31043E-09
     2     5     1     1    11    10   2.43554E-03   2.43554E-03   4.31131E-10   1.77017E-07
     2     5     1     2    11    10   2.44965E-03   2.44965E-03   3.72043E-12   1.51876E-09
     2     5     1     3    11    10   2.44224E-03   2.44224E-03  -1.01146E-10  -4.14152E-08
     2     5     1     4    11    10   2.43498E-03   2.43498E-03   9.90635E-11   4.06836E-08
     2     5     1     5    11    10   2.42785E-03   2.42785E-03  -3.69473E-12  -1.52181E-09
     2     5     1     6    11    10   2.44278E-03   2.44278E-03  -1.58239E-11  -6.47783E-09
     2     5     1     7    11    10   2.42845E-03   2.42845E-03  -4.19477E-10  -1.72735E-07
     2     5     1     8    11    10   2.42149E-03   2.42149E-03   1.56801E-11   6.47537E-09
     2     5     1     9    11    10   2.42990E-03   2.42990E-03   3.12497E-12   1.28605E-09
     2     5     1    10    11    10   2.42295E-03   2.42295E-03  -8.49480E-11  -3.50598E-08
     2     5     1    11    11    10   2.41615E-03   2.41615E-03   8.32264E-11   3.44459E-08
     2     5     1    12    11    10   2.40948E-03   2.40948E-03  -3.10371E-12  -1.28813E-09
     3     7     1     1    13    11   7.60210E+01   7.60210E+01  -1.33785E-05  -1.75984E-07
     3     7     1     2    13    11   7.73787E+01   7.73787E+01  -1.16643E-07  -1.50743E-09
     3     7     1     3    13    11   7.72034E+01   7.72034E+01   3.14937E-06   4.07931E-08
     3     7     1     4    13    11   7.70236E+01   7.70236E+01  -3.14937E-06  -4.08883E-08
     3     7     1     5    13    11   7.68431E+01   7.68431E+01   1.16643E-07   1.51794E-09
     3     7     1     6    13    11   7.61879E+01   7.61879E+01   4.95499E-07   6.50365E-09
     3     7     1     7    13    11   7.58477E+01   7.58477E+01   1.33785E-05   1.76386E-07
     3     7     1     8    13    11   7.56739E+01   7.56739E+01  -4.95499E-07  -6.54782E-09
     3     7     1     9    13    11   7.39845E+01   7.39845E+01  -9.79753E-08  -1.32427E-09
     3     7     1    10    13    11   7.38299E+01   7.38299E+01   2.64533E-06   3.58301E-08
     3     7     1    11    13    11   7.36695E+01   7.36695E+01  -2.64533E-06  -3.59081E-08
     3     7     1    12    13    11   7.35076E+01   7.35076E+01   9.79752E-08   1.33286E-09
     3     7     2     1    14    12   9.02979E+02   9.02979E+02  -1.59587E-04  -1.76734E-07
     3     7     2     2    14    12   8.66189E+02   8.66189E+02  -1.39140E-06  -1.60635E-09
     3     7     2     3    14    12   9.48950E+02   9.48950E+02   3.75678E-05   3.95888E-08
     3     7     2     4    14    12   9.93571E+02   9.93571E+02  -3.75678E-05  -3.78108E-08
     3     7     2     5    14    12   1.02001E+03   1.02001E+03   1.39140E-06   1.36410E-09
     3     7     2     6    14    12   8.23089E+02   8.23089E+02   5.91064E-06   7.18104E-09
     3     7     2     7    14    12   9.48306E+02   9.48307E+02   1.59587E-04   1.68287E-07
     3     7     2     8    14    12   9.76493E+02   9.76493E+02  -5.91064E-06  -6.05293E-09
     3     7     2     9    14    12   7.57677E+02   7.57677E+02  -1.16871E-06  -1.54250E-09
     3     7     2    10    14    12   8.33201E+02   8.33201E+02   3.15553E-05   3.78723E-08
     3     7     2    11    14    12   8.79477E+02   8.79477E+02  -3.15553E-05  -3.58796E-08
     3     7     2    12    14    12   9.09714E+02   9.09714E+02   1.16871E-06   1.28470E-09
     3     8     1     1    15    13   1.11408E-02   1.11408E-02  -1.96084E-09  -1.76006E-07
     3     8     1     2    15    13   1.11073E-02   1.11073E-02  -1.46547E-11  -1.31938E-09
     3     8     1     3    15    13   1.11249E-02   1.11249E-02   4.38193E-10   3.93885E-08
     3     8     1     4    15    13   1.11421E-02   1.11421E-02  -3.10645E-10  -2.78802E-08
     3     8     1     5    15    13   1.11590E-02   1.11590E-02   1.30800E-11   1.17215E-09
     3     8     1     6    15    13   1.11236E-02   1.11236E-02   6.38117E-11   5.73661E-09
     3     8     1     7    15    13   1.11576E-02   1.11576E-02   1.24698E-09   1.11760E-07
     3     8     1     8    15    13   1.11741E-02   1.11741E-02  -5.49965E-11  -4.92178E-09
     3     8     1     9    15    13   1.11542E-02   1.11542E-02  -1.23177E-11  -1.10432E-09
     3     8     1    10    15    13   1.11707E-02   1.11707E-02   3.67733E-10   3.29195E-08
     3     8     1    11    15    13   1.11868E-02   1.11868E-02  -2.62271E-10  -2.34447E-08
     3     8     1    12    15    13   1.12026E-02   1.12026E-02   1.10157E-11   9.83317E-10
     4    10     1     1    17    14   1.72848E+02   1.72848E+02  -3.00791E-05  -1.74020E-07
     4    10     1     2    17    14   1.76551E+02   1.76551E+02  -2.62252E-07  -1.48542E-09
     4    10     1     3    17    14   1.75710E+02   1.75710E+02   7.08080E-06   4.02983E-08
     4    10     1     4    17    14   1.74864E+02   1.74864E+02  -7.08080E-06  -4.04931E-08
     4    10     1     5    17    14   1.74024E+02   1.74024E+02   2.62252E-07   1.50698E-09
     4    10     1     6    17    14   1.73662E+02   1.73662E+02   1.11404E-06   6.41501E-09
     4    10     1     7    17    14   1.72027E+02   1.72027E+02   3.00791E-05   1.74851E-07
     4    10     1     8    17    14   1.71210E+02   1.71210E+02  -1.11404E-06  -6.50685E-09
     4    10     1     9    17    14   1.68138E+02   1.68138E+02  -2.20280E-07  -1.31012E-09
     4    10     1    10    17    14   1.67371E+02   1.67371E+02   5.94756E-06   3.55351E-08
     4    10     1    11    17    14   1.66598E+02   1.66598E+02  -5.94756E-06  -3.57001E-08
     4    10     1    12    17    14   1.65827E+02   1.65827E+02   2.20280E-07   1.32837E-09
     4    10     2     1    18    15   5.77396E+04   5.77396E+04  -1.02209E-02  -1.77017E-07
     4    10     2     2    18    15   5.58374E+04   5.58374E+04  -8.91131E-05  -1.59594E-09
     4    10     2     3    18    15   6.09198E+04   6.09198E+04   2.40605E-03   3.94954E-08
     4    10     2     4    18    15   6.35248E+04   6.35248E+04  -2.40605E-03  -3.78758E-08
     4    10     2     5    18    15   6.49525E+04   6.49525E+04   8.91131E-05   1.37197E-09
     4    10     2     6    18    15   5.28559E+04   5.28559E+04   3.78551E-04   7.16195E-09
     4    10     2     7    18    15   6.03844E+04   6.03844E+04   1.02209E-02   1.69264E-07
     4    10     2     8    18    15   6.19223E+04   6.19223E+04  -3.78551E-04  -6.11332E-09
     4    10     2     9    18    15   4.81913E+04   4.81913E+04  -7.48512E-05  -1.55321E-09
     4    10     2    10    18    15   5.27664E+04   5.27664E+04   2.02098E-03   3.83005E-08
     4    10     2    11    18    15   5.54611E+04   5.54611E+04  -2.02098E-03  -3.64396E-08
     4    10     2    12    18    15   5.71283E+04   5.71283E+04   7.48511E-05   1.31023E-09
     4    11     1     1    19    16   6.98513E-14   6.98513E-14  -1.28447E-20  -1.28447E-20
     4    11     1     2    19    16   6.25617E-14   6.25617E-14  -1.11989E-22  -1.11989E-22
     4    11     1     3    19    16   6.61670E-14   6.61670E-14   3.02370E-21   3.02370E-21
     4    11     1     4    19    16   6.96962E-14   6.96962E-14  -3.02370E-21  -3.02370E-21
     4    11     1     5    19    16   7.31594E-14   7.31594E-14   1.11989E-22   1.11989E-22
     4    11     1     6    19    16   6.63085E-14   6.63085E-14   4.75728E-22   4.75728E-22
     4    11     1     7    19    16   7.33180E-14   7.33180E-14   1.28447E-20   1.28447E-20
     4    11     1     8    19    16   7.67191E-14   7.67191E-14  -4.75728E-22  -4.75728E-22
     4    11     1     9    19    16   7.34251E-14   7.34251E-14  -9.40660E-23  -9.40660E-23
     4    11     1    10    19    16   7.68628E-14   7.68628E-14   2.53978E-21   2.53978E-21
     4    11     1    11    19    16   8.02226E-14   8.02226E-14  -2.53978E-21  -2.53978E-21
     4    11     1    12    19    16   8.35174E-14   8.35174E-14   9.40659E-23   9.40659E-23
