     1
  5.00000000E+02   5.83000000E+02
  1.00000000E+00   1.00000000E+00
  1.00000000E+00   1.00000000E+00
  1.59922568E+00   3.96287849E+01   6.32102950E-02   2.01102088E-31
  2.21858040E+02   1.47609878E+06   2.43829879E-03   2.01102088E-31
  7.67472076E+01   6.94532810E+02   1.11342218E-02   2.01102088E-31
  1.74801522E+02   4.47015114E+04   6.78596025E-14   2.01102088E-31
     2
  0.00000000E+00   5.57400000E+02
  1.00000000E+00   1.00000000E+00
  1.00000000E+00   1.00000000E+00
  1.62623447E+00   3.45489094E+01   6.31673278E-02   2.01102088E-31
  2.26697564E+02   1.31188316E+06   2.45396198E-03   2.01102088E-31
  7.78873893E+01   6.05449887E+02   1.10970527E-02   2.01102088E-31
  1.77990960E+02   3.93099453E+04   5.99227741E-14   2.01102088E-31
     3
  5.00000000E+02   5.57400000E+02
  1.00000000E+00   1.00000000E+00
  1.00000000E+00   1.00000000E+00
  1.63089575E+00   4.27001696E+01   6.31931778E-02   2.01102088E-31
  2.26632772E+02   1.60952750E+06   2.44453885E-03   2.01102088E-31
  7.82218832E+01   7.48317065E+02   1.11194119E-02   2.01102088E-31
  1.78296931E+02   4.83087928E+04   6.44904467E-14   2.01102088E-31
     4
  1.00000000E+03   5.57400000E+02
  1.00000000E+00   1.00000000E+00
  1.00000000E+00   1.00000000E+00
  1.63059934E+00   4.73971612E+01   6.32161939E-02   2.01102088E-31
  2.25892883E+02   1.77510295E+06   2.43614880E-03   2.01102088E-31
  7.83171311E+01   8.30652118E+02   1.11393197E-02   2.01102088E-31
  1.78063802E+02   5.33623940E+04   6.85492650E-14   2.01102088E-31
     5
  1.50000000E+03   5.57400000E+02
  1.00000000E+00   1.00000000E+00
  1.00000000E+00   1.00000000E+00
  1.62835195E+00   5.03800304E+01   6.32378991E-02   2.01102088E-31
  2.24893549E+02   1.87545289E+06   2.42823660E-03   2.01102088E-31
  7.83173659E+01   8.82948541E+02   1.11580936E-02   2.01102088E-31
  1.77620376E+02   5.64645904E+04   7.23728530E-14   2.01102088E-31
     6
  0.00000000E+00   5.83000000E+02
  1.00000000E+00   1.00000000E+00
  1.00000000E+00   1.00000000E+00
  1.59411902E+00   3.19055260E+01   6.31841347E-02   2.01102088E-31
  2.21857980E+02   1.19737305E+06   2.44783506E-03   2.01102088E-31
  7.63925231E+01   5.59159866E+02   1.11115938E-02   2.01102088E-31
  1.74443288E+02   3.62083276E+04   6.32099847E-14   2.01102088E-31
     7
  1.00000000E+03   5.83000000E+02
  1.00000000E+00   1.00000000E+00
  1.00000000E+00   1.00000000E+00
  1.59928697E+00   4.42559998E+01   6.32332909E-02   2.01102088E-31
  2.21175501E+02   1.63777927E+06   2.42991606E-03   2.01102088E-31
  7.68578122E+01   7.75647884E+02   1.11541124E-02   2.01102088E-31
  1.74611513E+02   4.96662241E+04   7.19379094E-14   2.01102088E-31
     8
  1.50000000E+03   5.83000000E+02
  1.00000000E+00   1.00000000E+00
  1.00000000E+00   1.00000000E+00
  1.59736561E+00   4.73112796E+01   6.32548448E-02   2.01102088E-31
  2.20230871E+02   1.74027526E+06   2.42205901E-03   2.01102088E-31
  7.68717426E+01   8.29214508E+02   1.11727557E-02   2.01102088E-31
  1.74207827E+02   5.28447135E+04   7.57559887E-14   2.01102088E-31
     9
  0.00000000E+00   6.11000000E+02
  1.00000000E+00   1.00000000E+00
  1.00000000E+00   1.00000000E+00
  1.53452983E+00   2.81180159E+01   6.32154654E-02   2.01102088E-31
  2.12582073E+02   1.03748659E+06   2.43641346E-03   2.01102088E-31
  7.36536659E+01   4.92819758E+02   1.11387017E-02   2.01102088E-31
  1.67769040E+02   3.16831907E+04   6.94039645E-14   2.01102088E-31
    10
  5.00000000E+02   6.11000000E+02
  1.00000000E+00   1.00000000E+00
  1.00000000E+00   1.00000000E+00
  1.54014388E+00   3.50036327E+01   6.32423133E-02   2.01102088E-31
  2.12663476E+02   1.28150255E+06   2.42662651E-03   2.01102088E-31
  7.40299989E+01   6.13519481E+02   1.11619249E-02   2.01102088E-31
  1.68189694E+02   3.91829996E+04   7.42262396E-14   2.01102088E-31
    11
  1.00000000E+03   6.11000000E+02
  1.00000000E+00   1.00000000E+00
  1.00000000E+00   1.00000000E+00
  1.54080580E+00   3.94664572E+01   6.32654184E-02   2.01102088E-31
  2.12083488E+02   1.43534469E+06   2.41820391E-03   2.01102088E-31
  7.41658429E+01   6.91756934E+02   1.11819106E-02   2.01102088E-31
  1.68073297E+02   4.39384401E+04   7.83663020E-14   2.01102088E-31
    12
  1.50000000E+03   6.11000000E+02
  1.00000000E+00   1.00000000E+00
  1.00000000E+00   1.00000000E+00
  1.53941970E+00   4.25454431E+01   6.32868021E-02   2.01102088E-31
  2.11235641E+02   1.53791881E+06   2.41040883E-03   2.01102088E-31
  7.42014708E+01   7.45740580E+02   1.12004072E-02   2.01102088E-31
  1.67736407E+02   4.71319420E+04   8.21925867E-14   2.01102088E-31
