     1
  5.00000000E+02   5.83000000E+02
  1.00000000E+00   1.00000000E+00
  1.00000000E+00   1.00000000E+00
  1.58264392E+00   5.15212458E+01   6.32178664E-02   2.01102088E-31
  2.19056159E+02   1.90597962E+06   2.43553821E-03   2.01102088E-31
  7.60210366E+01   9.02978995E+02   1.11407787E-02   2.01102088E-31
  1.72848326E+02   5.77396385E+04   6.98513406E-14   2.01102088E-31
     2
  0.00000000E+00   5.57400000E+02
  1.00000000E+00   1.00000000E+00
  1.00000000E+00   1.00000000E+00
  1.61427710E+00   4.94262951E+01   6.31791557E-02   2.01102088E-31
  2.24567802E+02   1.86252321E+06   2.44964986E-03   2.01102088E-31
  7.73786920E+01   8.66188886E+02   1.11072901E-02   2.01102088E-31
  1.76551117E+02   5.58373850E+04   6.25617014E-14   2.01102088E-31
     3
  5.00000000E+02   5.57400000E+02
  1.00000000E+00   1.00000000E+00
  1.00000000E+00   1.00000000E+00
  1.60838471E+00   5.41475483E+01   6.31994956E-02   2.01102088E-31
  2.23065369E+02   2.02889156E+06   2.44223533E-03   2.01102088E-31
  7.72034253E+01   9.48949582E+02   1.11248834E-02   2.01102088E-31
  1.75709728E+02   6.09198252E+04   6.61669662E-14   2.01102088E-31
     4
  1.00000000E+03   5.57400000E+02
  1.00000000E+00   1.00000000E+00
  1.00000000E+00   1.00000000E+00
  1.60242759E+00   5.66924507E+01   6.32194114E-02   2.01102088E-31
  2.21565127E+02   2.11244276E+06   2.43497540E-03   2.01102088E-31
  7.70235971E+01   9.93571473E+02   1.11421098E-02   2.01102088E-31
  1.74864407E+02   6.35247794E+04   6.96961621E-14   2.01102088E-31
     5
  1.50000000E+03   5.57400000E+02
  1.00000000E+00   1.00000000E+00
  1.00000000E+00   1.00000000E+00
  1.59648848E+00   5.81996797E+01   6.32389603E-02   2.01102088E-31
  2.20078338E+02   2.15673596E+06   2.42784920E-03   2.01102088E-31
  7.68431372E+01   1.02000850E+03   1.11590189E-02   2.01102088E-31
  1.74024226E+02   6.49524587E+04   7.31593958E-14   2.01102088E-31
     6
  0.00000000E+00   5.83000000E+02
  1.00000000E+00   1.00000000E+00
  1.00000000E+00   1.00000000E+00
  1.58831915E+00   4.69639892E+01   6.31979960E-02   2.01102088E-31
  2.20517666E+02   1.74714958E+06   2.44278160E-03   2.01102088E-31
  7.61878801E+01   8.23089366E+02   1.11235913E-02   2.01102088E-31
  1.73661849E+02   5.28559072E+04   6.63085221E-14   2.01102088E-31
     7
  1.00000000E+03   5.83000000E+02
  1.00000000E+00   1.00000000E+00
  1.00000000E+00   1.00000000E+00
  1.57686618E+00   5.41063677E+01   6.32373149E-02   2.01102088E-31
  2.17591966E+02   1.99063491E+06   2.42844857E-03   2.01102088E-31
  7.58476872E+01   9.48306475E+02   1.11576013E-02   2.01102088E-31
  1.72026716E+02   6.03844305E+04   7.33179972E-14   2.01102088E-31
     8
  1.50000000E+03   5.83000000E+02
  1.00000000E+00   1.00000000E+00
  1.00000000E+00   1.00000000E+00
  1.57110905E+00   5.57134338E+01   6.32564009E-02   2.01102088E-31
  2.16141617E+02   2.03869116E+06   2.42149113E-03   2.01102088E-31
  7.56738919E+01   9.76492913E+02   1.11741102E-02   2.01102088E-31
  1.71210429E+02   6.19223289E+04   7.67190657E-14   2.01102088E-31
     9
  0.00000000E+00   6.11000000E+02
  1.00000000E+00   1.00000000E+00
  1.00000000E+00   1.00000000E+00
  1.53951997E+00   4.32280633E+01   6.32333230E-02   2.01102088E-31
  2.12606507E+02   1.57745809E+06   2.42990302E-03   2.01102088E-31
  7.39844827E+01   7.57676603E+02   1.11541584E-02   2.01102088E-31
  1.68137860E+02   4.81913173E+04   7.34251165E-14   2.01102088E-31
    10
  5.00000000E+02   6.11000000E+02
  1.00000000E+00   1.00000000E+00
  1.00000000E+00   1.00000000E+00
  1.53419369E+00   4.75360669E+01   6.32524005E-02   2.01102088E-31
  2.11220528E+02   1.72521521E+06   2.42294864E-03   2.01102088E-31
  7.38298717E+01   8.33201361E+02   1.11706604E-02   2.01102088E-31
  1.67371271E+02   5.27663877E+04   7.68628436E-14   2.01102088E-31
    11
  1.00000000E+03   6.11000000E+02
  1.00000000E+00   1.00000000E+00
  1.00000000E+00   1.00000000E+00
  1.52877832E+00   5.01752081E+01   6.32710504E-02   2.01102088E-31
  2.09833591E+02   1.81126795E+06   2.41615010E-03   2.01102088E-31
  7.36695287E+01   8.79476652E+02   1.11867926E-02   2.01102088E-31
  1.66597884E+02   5.54611003E+04   8.02225696E-14   2.01102088E-31
    12
  1.50000000E+03   6.11000000E+02
  1.00000000E+00   1.00000000E+00
  1.00000000E+00   1.00000000E+00
  1.52335890E+00   5.18993133E+01   6.32893458E-02   2.01102088E-31
  2.08456813E+02   1.86365592E+06   2.40948078E-03   2.01102088E-31
  7.35075758E+01   9.09714167E+02   1.12026182E-02   2.01102088E-31
  1.65826977E+02   5.71282911E+04   8.35174473E-14   2.01102088E-31
