     1
  5.00000000E+02   5.83000000E+02
  1.00000000E+00   1.00000000E+00
  1.00000000E+00   1.00000000E+00
  1.60241703E+00   4.81246736E+01   6.32191870E-02   2.01102088E-31
  2.21783561E+02   1.78048593E+06   2.43505684E-03   2.01102088E-31
  7.69724926E+01   8.43449295E+02   1.11419203E-02   2.01102088E-31
  1.75009500E+02   5.39383709E+04   7.00260201E-14   2.01102088E-31
     2
  0.00000000E+00   5.57400000E+02
  1.00000000E+00   1.00000000E+00
  1.00000000E+00   1.00000000E+00
  1.63407377E+00   4.48459935E+01   6.31801463E-02   2.01102088E-31
  2.27312838E+02   1.69009040E+06   2.44928881E-03   2.01102088E-31
  7.83292240E+01   7.85919520E+02   1.11081463E-02   2.01102088E-31
  1.78717608E+02   5.06684079E+04   6.26886171E-14   2.01102088E-31
     3
  5.00000000E+02   5.57400000E+02
  1.00000000E+00   1.00000000E+00
  1.00000000E+00   1.00000000E+00
  1.62831561E+00   5.09982164E+01   6.32006340E-02   2.01102088E-31
  2.25820878E+02   1.91103102E+06   2.44182040E-03   2.01102088E-31
  7.81616542E+01   8.93756543E+02   1.11258674E-02   2.01102088E-31
  1.77888548E+02   5.73812625E+04   6.63171807E-14   2.01102088E-31
     4
  1.00000000E+03   5.57400000E+02
  1.00000000E+00   1.00000000E+00
  1.00000000E+00   1.00000000E+00
  1.62240009E+00   5.43118557E+01   6.32206533E-02   2.01102088E-31
  2.24318120E+02   2.02386970E+06   2.43452272E-03   2.01102088E-31
  7.79851149E+01   9.51849842E+02   1.11431834E-02   2.01102088E-31
  1.77045384E+02   6.08615052E+04   6.98619316E-14   2.01102088E-31
     5
  1.50000000E+03   5.57400000E+02
  1.00000000E+00   1.00000000E+00
  1.00000000E+00   1.00000000E+00
  1.61646767E+00   5.62970841E+01   6.32402893E-02   2.01102088E-31
  2.22823986E+02   2.08635308E+06   2.42736478E-03   2.01102088E-31
  7.78062725E+01   9.86663413E+02   1.11601677E-02   2.01102088E-31
  1.76203543E+02   6.28330291E+04   7.33378694E-14   2.01102088E-31
     6
  0.00000000E+00   5.83000000E+02
  1.00000000E+00   1.00000000E+00
  1.00000000E+00   1.00000000E+00
  1.60794644E+00   4.22631976E+01   6.31991447E-02   2.01102088E-31
  2.23233115E+02   1.57245608E+06   2.44236293E-03   2.01102088E-31
  7.71310748E+01   7.40703197E+02   1.11245841E-02   2.01102088E-31
  1.75809411E+02   4.75715340E+04   6.64556942E-14   2.01102088E-31
     7
  1.00000000E+03   5.83000000E+02
  1.00000000E+00   1.00000000E+00
  1.00000000E+00   1.00000000E+00
  1.59668852E+00   5.14982114E+01   6.32387540E-02   2.01102088E-31
  2.20317931E+02   1.89482243E+06   2.42792405E-03   2.01102088E-31
  7.68027820E+01   9.02593888E+02   1.11588452E-02   2.01102088E-31
  1.74190910E+02   5.74783829E+04   7.35107208E-14   2.01102088E-31
     8
  1.50000000E+03   5.83000000E+02
  1.00000000E+00   1.00000000E+00
  1.00000000E+00   1.00000000E+00
  1.59094341E+00   5.36031493E+01   6.32579377E-02   2.01102088E-31
  2.18861022E+02   1.96160508E+06   2.42093096E-03   2.01102088E-31
  7.66308452E+01   9.39505640E+02   1.11754387E-02   2.01102088E-31
  1.73373584E+02   5.95812523E+04   7.69262391E-14   2.01102088E-31
     9
  0.00000000E+00   6.11000000E+02
  1.00000000E+00   1.00000000E+00
  1.00000000E+00   1.00000000E+00
  1.55868370E+00   3.82297431E+01   6.32348070E-02   2.01102088E-31
  2.15242106E+02   1.39528678E+06   2.42936214E-03   2.01102088E-31
  7.49074104E+01   6.70068626E+02   1.11554411E-02   2.01102088E-31
  1.70232792E+02   4.26267415E+04   7.36155725E-14   2.01102088E-31
    10
  5.00000000E+02   6.11000000E+02
  1.00000000E+00   1.00000000E+00
  1.00000000E+00   1.00000000E+00
  1.55352518E+00   4.37690565E+01   6.32541068E-02   2.01102088E-31
  2.13871072E+02   1.58869220E+06   2.42232668E-03   2.01102088E-31
  7.47620931E+01   7.67173803E+02   1.11721354E-02   2.01102088E-31
  1.69482274E+02   4.85913637E+04   7.70897207E-14   2.01102088E-31
    11
  1.00000000E+03   6.11000000E+02
  1.00000000E+00   1.00000000E+00
  1.00000000E+00   1.00000000E+00
  1.54817052E+00   4.71812588E+01   6.32729058E-02   2.01102088E-31
  2.12484368E+02   1.70336261E+06   2.41547382E-03   2.01102088E-31
  7.46059156E+01   8.26998143E+02   1.11883965E-02   2.01102088E-31
  1.68713229E+02   5.21575230E+04   8.04727599E-14   2.01102088E-31
    12
  1.50000000E+03   6.11000000E+02
  1.00000000E+00   1.00000000E+00
  1.00000000E+00   1.00000000E+00
  1.54277047E+00   4.94247690E+01   6.32913208E-02   2.01102088E-31
  2.11102169E+02   1.77495685E+06   2.40876091E-03   2.01102088E-31
  7.44461444E+01   8.66339043E+02   1.12043255E-02   2.01102088E-31
  1.67942147E+02   5.44097443E+04   8.37857327E-14   2.01102088E-31
