     1
  5.00000000E+02   5.83000000E+02
  1.00000000E+00   1.00000000E+00
  1.00000000E+00   1.00000000E+00
  1.52620916E+00   4.15378716E+01   6.32064692E-02   6.43664067E-31
  2.11934641E+02   1.54766046E+06   2.43969337E-03   6.43664067E-31
  7.32107996E+01   7.27990557E+02   1.11309134E-02   6.43664067E-31
  1.66868517E+02   4.68632709E+04   6.72489385E-14   6.43664067E-31
     2
  0.00000000E+00   5.57400000E+02
  1.00000000E+00   1.00000000E+00
  1.00000000E+00   1.00000000E+00
  1.55392087E+00   4.46590412E+01   6.31700121E-02   6.43664067E-31
  2.16779264E+02   1.69224017E+06   2.45298342E-03   6.43664067E-31
  7.43981967E+01   7.82629441E+02   1.10993754E-02   6.43664067E-31
  1.70114265E+02   5.07164450E+04   6.04741554E-14   6.43664067E-31
     3
  5.00000000E+02   5.57400000E+02
  1.00000000E+00   1.00000000E+00
  1.00000000E+00   1.00000000E+00
  1.54750909E+00   4.34331455E+01   6.31896195E-02   6.43664067E-31
  2.15240056E+02   1.63719739E+06   2.44583592E-03   6.43664067E-31
  7.41923237E+01   7.61162380E+02   1.11163348E-02   6.43664067E-31
  1.69226321E+02   4.91429083E+04   6.39227630E-14   6.43664067E-31
     4
  1.00000000E+03   5.57400000E+02
  1.00000000E+00   1.00000000E+00
  1.00000000E+00   1.00000000E+00
  1.54123925E+00   4.22779063E+01   6.32088933E-02   6.43664067E-31
  2.13731765E+02   1.58545678E+06   2.43881003E-03   6.43664067E-31
  7.39917754E+01   7.40932309E+02   1.11330056E-02   6.43664067E-31
  1.68357036E+02   4.76615478E+04   6.73118316E-14   6.43664067E-31
     5
  1.50000000E+03   5.57400000E+02
  1.00000000E+00   1.00000000E+00
  1.00000000E+00   1.00000000E+00
  1.53509530E+00   4.11868348E+01   6.32278478E-02   6.43664067E-31
  2.12251658E+02   1.53671526E+06   2.43190054E-03   6.43664067E-31
  7.37957969E+01   7.21825629E+02   1.11494003E-02   6.43664067E-31
  1.67504604E+02   4.62639548E+04   7.06439111E-14   6.43664067E-31
     6
  0.00000000E+00   5.83000000E+02
  1.00000000E+00   1.00000000E+00
  1.00000000E+00   1.00000000E+00
  1.53242069E+00   4.26680211E+01   6.31873987E-02   6.43664067E-31
  2.13436640E+02   1.59792097E+06   2.44664516E-03   6.43664067E-31
  7.34088504E+01   7.47782535E+02   1.11144182E-02   6.43664067E-31
  1.67730882E+02   4.83195586E+04   6.38774294E-14   6.43664067E-31
     7
  1.00000000E+03   5.83000000E+02
  1.00000000E+00   1.00000000E+00
  1.00000000E+00   1.00000000E+00
  1.52011424E+00   4.04680878E+01   6.32252206E-02   6.43664067E-31
  2.10460468E+02   1.50022475E+06   2.43285790E-03   6.43664067E-31
  7.30167260E+01   7.09255448E+02   1.11471326E-02   6.43664067E-31
  1.66022051E+02   4.54869032E+04   7.05631403E-14   6.43664067E-31
     8
  1.50000000E+03   5.83000000E+02
  1.00000000E+00   1.00000000E+00
  1.00000000E+00   1.00000000E+00
  1.51415253E+00   3.94588811E+01   6.32436665E-02   6.43664067E-31
  2.09015467E+02   1.45556676E+06   2.42613379E-03   6.43664067E-31
  7.28276409E+01   6.91581016E+02   1.11630875E-02   6.43664067E-31
  1.65193122E+02   4.41895840E+04   7.38225308E-14   6.43664067E-31
     9
  0.00000000E+00   6.11000000E+02
  1.00000000E+00   1.00000000E+00
  1.00000000E+00   1.00000000E+00
  1.49163810E+00   3.95310263E+01   6.32195604E-02   6.43664067E-31
  2.06819141E+02   1.45547193E+06   2.43492059E-03   6.43664067E-31
  7.15647238E+01   6.92857756E+02   1.11422452E-02   6.43664067E-31
  1.63122816E+02   4.44344158E+04   7.02465032E-14   6.43664067E-31
    10
  5.00000000E+02   6.11000000E+02
  1.00000000E+00   1.00000000E+00
  1.00000000E+00   1.00000000E+00
  1.48578573E+00   3.85389729E+01   6.32377084E-02   6.43664067E-31
  2.05391641E+02   1.41203488E+06   2.42830504E-03   6.43664067E-31
  7.13797693E+01   6.75482462E+02   1.11579428E-02   6.43664067E-31
  1.62307755E+02   4.31579989E+04   7.34846944E-14   6.43664067E-31
    11
  1.00000000E+03   6.11000000E+02
  1.00000000E+00   1.00000000E+00
  1.00000000E+00   1.00000000E+00
  1.48005250E+00   3.76005628E+01   6.32555596E-02   6.43664067E-31
  2.03992021E+02   1.37103944E+06   2.42179770E-03   6.43664067E-31
  7.11990668E+01   6.59046506E+02   1.11733837E-02   6.43664067E-31
  1.61508635E+02   4.19520406E+04   7.66690643E-14   6.43664067E-31
    12
  1.50000000E+03   6.11000000E+02
  1.00000000E+00   1.00000000E+00
  1.00000000E+00   1.00000000E+00
  1.47442169E+00   3.67100655E+01   6.32731249E-02   6.43664067E-31
  2.02617056E+02   1.33223674E+06   2.41539460E-03   6.43664067E-31
  7.10218927E+01   6.43449524E+02   1.11885773E-02   6.43664067E-31
  1.60723557E+02   4.08093154E+04   7.98015724E-14   6.43664067E-31
