     1     1   6.67691E-08   6.67691E-08  -1.16169E-14  -1.73985E-07
     1     2   6.75065E-08   6.75065E-08  -1.01284E-16  -1.50036E-09
     1     3   6.70092E-08   6.70092E-08   2.73467E-15   4.08104E-08
     1     4   6.65202E-08   6.65202E-08  -2.73467E-15  -4.11104E-08
     1     5   6.60386E-08   6.60386E-08   1.01284E-16   1.53371E-09
     1     6   6.72572E-08   6.72572E-08   4.30254E-16   6.39715E-09
     1     7   6.62876E-08   6.62876E-08   1.16169E-14   1.75249E-07
     1     8   6.58139E-08   6.58139E-08  -4.30254E-16  -6.53743E-09
     1     9   6.66650E-08   6.66650E-08  -8.50744E-17  -1.27615E-09
     1    10   6.61924E-08   6.61924E-08   2.29701E-15   3.47020E-08
     1    11   6.57271E-08   6.57271E-08  -2.29701E-15  -3.49476E-08
     1    12   6.52688E-08   6.52688E-08   8.50743E-17   1.30345E-09
 *******************************
     2     1   2.56981E-06   2.56981E-06   4.48687E-13   1.74600E-07
     2     2   2.60232E-06   2.60232E-06   3.91198E-15   1.50327E-09
     2     3   2.59403E-06   2.59403E-06  -1.05623E-13  -4.07179E-08
     2     4   2.58637E-06   2.58637E-06   1.05623E-13   4.08384E-08
     2     5   2.57933E-06   2.57933E-06  -3.91198E-15  -1.51667E-09
     2     6   2.57650E-06   2.57650E-06  -1.66180E-14  -6.44985E-09
     2     7   2.56376E-06   2.56376E-06  -4.48687E-13  -1.75011E-07
     2     8   2.55814E-06   2.55814E-06   1.66180E-14   6.49613E-09
     2     9   2.55023E-06   2.55023E-06   3.28589E-15   1.28847E-09
     2    10   2.54552E-06   2.54552E-06  -8.87191E-14  -3.48530E-08
     2    11   2.54119E-06   2.54119E-06   8.87191E-14   3.49124E-08
     2    12   2.53720E-06   2.53720E-06  -3.28589E-15  -1.29509E-09
 *******************************
     3     1   1.97130E-04   1.97130E-04  -3.48268E-11  -1.76669E-07
     3     2   1.98656E-04   1.98656E-04  -3.03646E-13  -1.52850E-09
     3     3   1.97679E-04   1.97679E-04   8.19843E-12   4.14734E-08
     3     4   1.96723E-04   1.96723E-04  -8.19845E-12  -4.16751E-08
     3     5   1.95786E-04   1.95786E-04   3.03646E-13   1.55091E-09
     3     6   1.98077E-04   1.98077E-04   1.28988E-12   6.51203E-09
     3     7   1.96199E-04   1.96199E-04   3.48269E-11   1.77508E-07
     3     8   1.95287E-04   1.95287E-04  -1.28988E-12  -6.60507E-09
     3     9   1.96994E-04   1.96994E-04  -2.55049E-13  -1.29471E-09
     3    10   1.96092E-04   1.96092E-04   6.88632E-12   3.51177E-08
     3    11   1.95208E-04   1.95208E-04  -6.88635E-12  -3.52769E-08
     3    12   1.94341E-04   1.94341E-04   2.55050E-13   1.31238E-09
 *******************************
     4     1   1.08612E-03   1.08612E-03  -1.90253E-10  -1.75167E-07
     4     2   1.08847E-03   1.08847E-03  -1.65876E-12  -1.52394E-09
     4     3   1.08638E-03   1.08638E-03   4.47866E-11   4.12257E-08
     4     4   1.08431E-03   1.08431E-03  -4.47866E-11  -4.13042E-08
     4     5   1.08227E-03   1.08227E-03   1.65876E-12   1.53267E-09
     4     6   1.08816E-03   1.08816E-03   7.04640E-12   6.47552E-09
     4     7   1.08409E-03   1.08409E-03   1.90253E-10   1.75495E-07
     4     8   1.08209E-03   1.08209E-03  -7.04640E-12  -6.51183E-09
     4     9   1.08749E-03   1.08749E-03  -1.39329E-12  -1.28119E-09
     4    10   1.08552E-03   1.08552E-03   3.76188E-11   3.46551E-08
     4    11   1.08357E-03   1.08357E-03  -3.76188E-11  -3.47175E-08
     4    12   1.08164E-03   1.08164E-03   1.39329E-12   1.28813E-09
 *******************************
     5     1   1.06971E-03   1.06971E-03  -1.88125E-10  -1.75865E-07
     5     2   1.07049E-03   1.07049E-03  -1.64021E-12  -1.53220E-09
     5     3   1.06924E-03   1.06924E-03   4.42857E-11   4.14178E-08
     5     4   1.06800E-03   1.06800E-03  -4.42857E-11  -4.14660E-08
     5     5   1.06676E-03   1.06676E-03   1.64021E-12   1.53756E-09
     5     6   1.07094E-03   1.07094E-03   6.96760E-12   6.50609E-09
     5     7   1.06848E-03   1.06848E-03   1.88125E-10   1.76068E-07
     5     8   1.06725E-03   1.06725E-03  -6.96760E-12  -6.52855E-09
     5     9   1.07165E-03   1.07165E-03  -1.37771E-12  -1.28560E-09
     5    10   1.07044E-03   1.07044E-03   3.71981E-11   3.47503E-08
     5    11   1.06924E-03   1.06924E-03  -3.71981E-11  -3.47894E-08
     5    12   1.06804E-03   1.06804E-03   1.37771E-12   1.28995E-09
 *******************************
     6     1   3.13962E-03   3.13962E-03  -5.50554E-10  -1.75357E-07
     6     2   3.13285E-03   3.13285E-03  -4.80013E-12  -1.53219E-09
     6     3   3.13423E-03   3.13423E-03   1.29604E-10   4.13510E-08
     6     4   3.13551E-03   3.13551E-03  -1.29603E-10  -4.13341E-08
     6     5   3.13668E-03   3.13668E-03   4.80013E-12   1.53032E-09
     6     6   3.13833E-03   3.13833E-03   2.03909E-11   6.49738E-09
     6     7   3.14078E-03   3.14078E-03   5.50554E-10   1.75292E-07
     6     8   3.14185E-03   3.14185E-03  -2.03909E-11  -6.49008E-09
     6     9   3.14813E-03   3.14813E-03  -4.03190E-12  -1.28073E-09
     6    10   3.14922E-03   3.14922E-03   1.08861E-10   3.45677E-08
     6    11   3.15021E-03   3.15021E-03  -1.08861E-10  -3.45569E-08
     6    12   3.15110E-03   3.15110E-03   4.03190E-12   1.27952E-09
 *******************************
     7     1   1.01418E-03   1.01418E-03  -1.78835E-10  -1.76335E-07
     7     2   1.00287E-03   1.00287E-03  -1.55921E-12  -1.55476E-09
     7     3   1.00820E-03   1.00820E-03   4.20988E-11   4.17565E-08
     7     4   1.01337E-03   1.01337E-03  -4.20988E-11  -4.15432E-08
     7     5   1.01839E-03   1.01839E-03   1.55921E-12   1.53105E-09
     7     6   1.00903E-03   1.00903E-03   6.62352E-12   6.56423E-09
     7     7   1.01916E-03   1.01916E-03   1.78835E-10   1.75474E-07
     7     8   1.02399E-03   1.02399E-03  -6.62352E-12  -6.46832E-09
     7     9   1.02028E-03   1.02028E-03  -1.30967E-12  -1.28364E-09
     7    10   1.02508E-03   1.02508E-03   3.53612E-11   3.44961E-08
     7    11   1.02973E-03   1.02973E-03  -3.53611E-11  -3.43401E-08
     7    12   1.03426E-03   1.03426E-03   1.30967E-12   1.26629E-09
 *******************************
     8     1   3.38019E-04   3.38019E-04  -5.95607E-11  -1.76205E-07
     8     2   3.35886E-04   3.35886E-04  -5.19293E-13  -1.54604E-09
     8     3   3.36787E-04   3.36787E-04   1.40209E-11   4.16314E-08
     8     4   3.37659E-04   3.37659E-04  -1.40209E-11  -4.15239E-08
     8     5   3.38502E-04   3.38502E-04   5.19293E-13   1.53409E-09
     8     6   3.37151E-04   3.37151E-04   2.20595E-12   6.54293E-09
     8     7   3.38854E-04   3.38854E-04   5.95607E-11   1.75771E-07
     8     8   3.39663E-04   3.39663E-04  -2.20595E-12  -6.49453E-09
     8     9   3.39448E-04   3.39448E-04  -4.36184E-13  -1.28498E-09
     8    10   3.40251E-04   3.40251E-04   1.17770E-11   3.46126E-08
     8    11   3.41027E-04   3.41027E-04  -1.17770E-11  -3.45338E-08
     8    12   3.41778E-04   3.41778E-04   4.36184E-13   1.27622E-09
 *******************************
     9     1   1.24908E-02   1.24908E-02   1.54015E-10   1.23304E-08
     9     2   1.24907E-02   1.24907E-02  -7.96512E-13  -6.37683E-11
     9     3   1.24907E-02   1.24907E-02   5.41410E-12   4.33449E-10
     9     4   1.24908E-02   1.24908E-02   2.76591E-13   2.21437E-11
     9     5   1.24908E-02   1.24908E-02  -5.55573E-13  -4.44787E-11
     9     6   1.24907E-02   1.24907E-02   1.95889E-10   1.56828E-08
     9     7   1.24908E-02   1.24908E-02   1.80655E-10   1.44631E-08
     9     8   1.24908E-02   1.24908E-02   1.79889E-10   1.44017E-08
     9     9   1.24908E-02   1.24908E-02  -9.01727E-13  -7.21915E-11
     9    10   1.24908E-02   1.24908E-02   9.59035E-12   7.67795E-10
     9    11   1.24908E-02   1.24908E-02  -4.92317E-12  -3.94144E-10
     9    12   1.24908E-02   1.24908E-02  -3.18252E-13  -2.54790E-11
 *******************************
    10     1   3.16590E-02   3.16590E-02   2.07647E-09   6.55887E-08
    10     2   3.16744E-02   3.16744E-02   6.99735E-12   2.20915E-10
    10     3   3.16661E-02   3.16661E-02  -3.85283E-10  -1.21670E-08
    10     4   3.16580E-02   3.16580E-02  -2.04335E-10  -6.45443E-09
    10     5   3.16501E-02   3.16501E-02   2.94979E-13   9.32001E-12
    10     6   3.16670E-02   3.16670E-02  -3.82408E-11  -1.20759E-09
    10     7   3.16511E-02   3.16511E-02   1.21978E-09   3.85382E-08
    10     8   3.16435E-02   3.16435E-02  -6.33672E-12  -2.00253E-10
    10     9   3.16534E-02   3.16534E-02   5.91336E-12   1.86816E-10
    10    10   3.16458E-02   3.16458E-02  -3.21999E-10  -1.01751E-08
    10    11   3.16384E-02   3.16384E-02  -1.65519E-10  -5.23158E-09
    10    12   3.16312E-02   3.16312E-02   1.17260E-13   3.70712E-12
 *******************************
    11     1   1.10156E-01   1.10156E-01  -8.17851E-09  -7.42451E-08
    11     2   1.10084E-01   1.10084E-01  -3.10769E-11  -2.82302E-10
    11     3   1.10122E-01   1.10122E-01   1.55129E-09   1.40870E-08
    11     4   1.10160E-01   1.10160E-01   5.86132E-10   5.32073E-09
    11     5   1.10197E-01   1.10197E-01   4.67068E-12   4.23849E-11
    11     6   1.10118E-01   1.10118E-01   1.58098E-10   1.43571E-09
    11     7   1.10192E-01   1.10192E-01  -3.77916E-09  -3.42961E-08
    11     8   1.10228E-01   1.10228E-01  -5.09359E-12  -4.62098E-11
    11     9   1.10182E-01   1.10182E-01  -2.62447E-11  -2.38195E-10
    11    10   1.10217E-01   1.10217E-01   1.29748E-09   1.17720E-08
    11    11   1.10251E-01   1.10251E-01   4.69831E-10   4.26146E-09
    11    12   1.10285E-01   1.10285E-01   4.40957E-12   3.99835E-11
 *******************************
    12     1   3.20501E-01   3.20501E-01  -2.73321E-08  -8.52792E-08
    12     2   3.20186E-01   3.20186E-01  -1.22930E-10  -3.83931E-10
    12     3   3.20356E-01   3.20356E-01   5.37193E-09   1.67686E-08
    12     4   3.20521E-01   3.20521E-01   7.87029E-10   2.45547E-09
    12     5   3.20681E-01   3.20681E-01   4.68822E-11   1.46195E-10
    12     6   3.20338E-01   3.20338E-01   5.88410E-10   1.83684E-09
    12     7   3.20661E-01   3.20661E-01  -7.13576E-09  -2.22533E-08
    12     8   3.20816E-01   3.20816E-01  -1.59760E-10  -4.97979E-10
    12     9   3.20615E-01   3.20615E-01  -1.03511E-10  -3.22852E-10
    12    10   3.20769E-01   3.20769E-01   4.49216E-09   1.40044E-08
    12    11   3.20918E-01   3.20918E-01   6.00314E-10   1.87061E-09
    12    12   3.21064E-01   3.21064E-01   4.06316E-11   1.26553E-10
 *******************************
    13     1   1.34586E+00   1.34586E+00   1.08098E-07   8.03186E-08
    13     2   1.34653E+00   1.34653E+00   4.43053E-10   3.29034E-10
    13     3   1.34617E+00   1.34617E+00  -2.07492E-08  -1.54135E-08
    13     4   1.34582E+00   1.34582E+00  -5.61563E-09  -4.17263E-09
    13     5   1.34549E+00   1.34549E+00  -1.17456E-10  -8.72956E-11
    13     6   1.34621E+00   1.34621E+00  -2.19903E-09  -1.63350E-09
    13     7   1.34554E+00   1.34554E+00   3.94318E-08   2.93057E-08
    13     8   1.34522E+00   1.34522E+00   3.46126E-10   2.57301E-10
    13     9   1.34563E+00   1.34563E+00   3.74620E-10   2.78398E-10
    13    10   1.34531E+00   1.34531E+00  -1.73798E-08  -1.29188E-08
    13    11   1.34501E+00   1.34501E+00  -4.41963E-09  -3.28595E-09
    13    12   1.34471E+00   1.34471E+00  -1.05393E-10  -7.83760E-11
 *******************************
    14     1   8.88091E+00   8.88091E+00  -1.11268E-06  -1.25289E-07
    14     2   8.85987E+00   8.85987E+00  -6.92058E-09  -7.81115E-10
    14     3   8.87120E+00   8.87120E+00   2.36740E-07   2.66864E-08
    14     4   8.88219E+00   8.88219E+00  -8.70853E-08  -9.80449E-09
    14     5   8.89285E+00   8.89285E+00   5.07297E-09   5.70455E-10
    14     6   8.87002E+00   8.87002E+00   3.08709E-08   3.48036E-09
    14     7   8.89148E+00   8.89148E+00   2.75080E-07   3.09375E-08
    14     8   8.90174E+00   8.90174E+00  -2.05277E-08  -2.30603E-09
    14     9   8.88848E+00   8.88848E+00  -5.81504E-09  -6.54222E-10
    14    10   8.89862E+00   8.89862E+00   1.98253E-07   2.22791E-08
    14    11   8.90847E+00   8.90847E+00  -7.45120E-08  -8.36418E-09
    14    12   8.91805E+00   8.91805E+00   4.28736E-09   4.80751E-10
 *******************************
 -------------------------------
     1     1     1     1    15    15   1.52651E+00   1.52651E+00  -2.68819E-07  -1.76100E-07
     1     1     1     2    15    15   1.55470E+00   1.55470E+00  -2.34376E-09  -1.50753E-09
     1     1     1     3    15    15   1.54829E+00   1.54829E+00   6.32815E-08   4.08718E-08
     1     1     1     4    15    15   1.54203E+00   1.54203E+00  -6.32818E-08  -4.10381E-08
     1     1     1     5    15    15   1.53588E+00   1.53588E+00   2.34377E-09   1.52601E-09
     1     1     1     6    15    15   1.53272E+00   1.53272E+00   9.95627E-09   6.49582E-09
     1     1     1     7    15    15   1.52042E+00   1.52042E+00   2.68821E-07   1.76807E-07
     1     1     1     8    15    15   1.51446E+00   1.51446E+00  -9.95630E-09  -6.57418E-09
     1     1     1     9    15    15   1.49104E+00   1.49104E+00  -1.96866E-09  -1.32032E-09
     1     1     1    10    15    15   1.48519E+00   1.48519E+00   5.31537E-08   3.57892E-08
     1     1     1    11    15    15   1.47946E+00   1.47946E+00  -5.31540E-08  -3.59280E-08
     1     1     1    12    15    15   1.47383E+00   1.47383E+00   1.96866E-09   1.33574E-09
     1     1     2     1    16    16   3.89617E+01   3.89617E+01  -6.72569E-06  -1.72623E-07
     1     1     2     2    16    16   4.20001E+01   4.20001E+01  -5.86395E-08  -1.39618E-09
     1     1     2     3    16    16   4.08188E+01   4.08188E+01   1.58327E-06   3.87876E-08
     1     1     2     4    16    16   3.97124E+01   3.97124E+01  -1.58327E-06  -3.98683E-08
     1     1     2     5    16    16   3.86661E+01   3.86661E+01   5.86395E-08   1.51656E-09
     1     1     2     6    16    16   4.00337E+01   4.00337E+01   2.49100E-07   6.22225E-09
     1     1     2     7    16    16   3.79315E+01   3.79316E+01   6.72569E-06   1.77311E-07
     1     1     2     8    16    16   3.69649E+01   3.69649E+01  -2.49100E-07  -6.73881E-09
     1     1     2     9    16    16   3.69473E+01   3.69473E+01  -4.92546E-08  -1.33311E-09
     1     1     2    10    16    16   3.60017E+01   3.60017E+01   1.32987E-06   3.69392E-08
     1     1     2    11    16    16   3.51066E+01   3.51066E+01  -1.32987E-06  -3.78810E-08
     1     1     2    12    16    16   3.42569E+01   3.42569E+01   4.92546E-08   1.43780E-09
     1     2     1     1    17    17   6.32081E-02   6.32081E-02  -4.26114E-09  -6.74145E-08
     1     2     1     2    17    17   6.31714E-02   6.31714E-02  -1.43539E-11  -2.27221E-10
     1     2     1     3    17    17   6.31910E-02   6.31910E-02   7.91242E-10   1.25214E-08
     1     2     1     4    17    17   6.32104E-02   6.32104E-02   4.21817E-10   6.67322E-09
     1     2     1     5    17    17   6.32294E-02   6.32294E-02  -6.69617E-13  -1.05903E-11
     1     2     1     6    17    17   6.31889E-02   6.31889E-02   8.14772E-11   1.28942E-09
     1     2     1     7    17    17   6.32269E-02   6.32269E-02  -2.51455E-09  -3.97703E-08
     1     2     1     8    17    17   6.32454E-02   6.32454E-02   1.62452E-11   2.56860E-10
     1     2     1     9    17    17   6.32214E-02   6.32214E-02  -1.21279E-11  -1.91832E-10
     1     2     1    10    17    17   6.32396E-02   6.32396E-02   6.61183E-10   1.04552E-08
     1     2     1    11    17    17   6.32576E-02   6.32576E-02   3.41819E-10   5.40361E-09
     1     2     1    12    17    17   6.32752E-02   6.32752E-02  -2.97914E-13  -4.70824E-12
     2     4     1     1    19    18   2.11926E+02   2.11926E+02  -3.67304E-05  -1.73317E-07
     2     4     1     2    19    18   2.16843E+02   2.16843E+02  -3.20247E-07  -1.47686E-09
     2     4     1     3    19    18   2.15304E+02   2.15304E+02   8.64658E-06   4.01599E-08
     2     4     1     4    19    18   2.13795E+02   2.13795E+02  -8.64686E-06  -4.04445E-08
     2     4     1     5    19    18   2.12315E+02   2.12315E+02   3.20251E-07   1.50837E-09
     2     4     1     6    19    18   2.13429E+02   2.13429E+02   1.36040E-06   6.37404E-09
     2     4     1     7    19    18   2.10452E+02   2.10452E+02   3.67319E-05   1.74538E-07
     2     4     1     8    19    18   2.09007E+02   2.09007E+02  -1.36042E-06  -6.50898E-09
     2     4     1     9    19    18   2.06678E+02   2.06678E+02  -2.68994E-07  -1.30151E-09
     2     4     1    10    19    18   2.05251E+02   2.05251E+02   7.26275E-06   3.53848E-08
     2     4     1    11    19    18   2.03852E+02   2.03852E+02  -7.26298E-06  -3.56288E-08
     2     4     1    12    19    18   2.02477E+02   2.02477E+02   2.68997E-07   1.32853E-09
     2     4     2     1    20    19   1.45199E+06   1.45199E+06  -2.50749E-01  -1.72694E-07
     2     4     2     2    20    19   1.59175E+06   1.59175E+06  -2.18622E-03  -1.37347E-09
     2     4     2     3    20    19   1.53892E+06   1.53892E+06   5.90278E-02   3.83565E-08
     2     4     2     4    20    19   1.48953E+06   1.48953E+06  -5.90278E-02  -3.96285E-08
     2     4     2     5    20    19   1.44296E+06   1.44296E+06   2.18621E-03   1.51509E-09
     2     4     2     6    20    19   1.49957E+06   1.49957E+06   9.28701E-03   6.19313E-09
     2     4     2     7    20    19   1.40651E+06   1.40651E+06   2.50749E-01   1.78277E-07
     2     4     2     8    20    19   1.36390E+06   1.36390E+06  -9.28701E-03  -6.80915E-09
     2     4     2     9    20    19   1.36072E+06   1.36072E+06  -1.83633E-03  -1.34952E-09
     2     4     2    10    20    19   1.31947E+06   1.31947E+06   4.95808E-02   3.75764E-08
     2     4     2    11    20    19   1.28051E+06   1.28051E+06  -4.95808E-02  -3.87196E-08
     2     4     2    12    20    19   1.24363E+06   1.24363E+06   1.83632E-03   1.47659E-09
     2     5     1     1    21    20   2.43911E-03   2.43911E-03   3.28812E-10   1.34808E-07
     2     5     1     2    21    20   2.45249E-03   2.45249E-03   2.13484E-12   8.70481E-10
     2     5     1     3    21    20   2.44532E-03   2.44532E-03  -7.08515E-11  -2.89743E-08
     2     5     1     4    21    20   2.43827E-03   2.43827E-03   3.12194E-11   1.28040E-08
     2     5     1     5    21    20   2.43133E-03   2.43133E-03  -1.64556E-12  -6.76813E-10
     2     5     1     6    21    20   2.44609E-03   2.44609E-03  -9.44002E-12  -3.85923E-09
     2     5     1     7    21    20   2.43225E-03   2.43225E-03  -1.06997E-10  -4.39910E-08
     2     5     1     8    21    20   2.42550E-03   2.42550E-03   6.70108E-12   2.76276E-09
     2     5     1     9    21    20   2.43425E-03   2.43425E-03   1.79260E-12   7.36411E-10
     2     5     1    10    21    20   2.42760E-03   2.42760E-03  -5.93234E-11  -2.44370E-08
     2     5     1    11    21    20   2.42107E-03   2.42107E-03   2.65541E-11   1.09679E-08
     2     5     1    12    21    20   2.41464E-03   2.41464E-03  -1.38804E-12  -5.74844E-10
     3     7     1     1    23    21   7.32339E+01   7.32339E+01  -1.29011E-05  -1.76164E-07
     3     7     1     2    23    21   7.44436E+01   7.44436E+01  -1.12482E-07  -1.51096E-09
     3     7     1     3    23    21   7.42379E+01   7.42379E+01   3.03700E-06   4.09091E-08
     3     7     1     4    23    21   7.40375E+01   7.40375E+01  -3.03701E-06  -4.10199E-08
     3     7     1     5    23    21   7.38417E+01   7.38417E+01   1.12482E-07   1.52328E-09
     3     7     1     6    23    21   7.34319E+01   7.34319E+01   4.77821E-07   6.50699E-09
     3     7     1     7    23    21   7.30400E+01   7.30400E+01   1.29012E-05   1.76632E-07
     3     7     1     8    23    21   7.28510E+01   7.28510E+01  -4.77821E-07  -6.55888E-09
     3     7     1     9    23    21   7.15464E+01   7.15464E+01  -9.44797E-08  -1.32054E-09
     3     7     1    10    23    21   7.13614E+01   7.13614E+01   2.55095E-06   3.57469E-08
     3     7     1    11    23    21   7.11808E+01   7.11808E+01  -2.55095E-06  -3.58377E-08
     3     7     1    12    23    21   7.10038E+01   7.10038E+01   9.44797E-08   1.33063E-09
     3     7     2     1    24    22   6.82841E+02   6.82840E+02  -1.17888E-04  -1.72644E-07
     3     7     2     2    24    22   7.36032E+02   7.36032E+02  -1.02783E-06  -1.39645E-09
     3     7     2     3    24    22   7.15347E+02   7.15347E+02   2.77515E-05   3.87945E-08
     3     7     2     4    24    22   6.95970E+02   6.95970E+02  -2.77515E-05  -3.98746E-08
     3     7     2     5    24    22   6.77648E+02   6.77648E+02   1.02783E-06   1.51677E-09
     3     7     2     6    24    22   7.01614E+02   7.01614E+02   4.36623E-06   6.22311E-09
     3     7     2     7    24    22   6.64799E+02   6.64799E+02   1.17888E-04   1.77329E-07
     3     7     2     8    24    22   6.47869E+02   6.47869E+02  -4.36623E-06  -6.73936E-09
     3     7     2     9    24    22   6.47572E+02   6.47572E+02  -8.63336E-07  -1.33319E-09
     3     7     2    10    24    22   6.31011E+02   6.31011E+02   2.33101E-05   3.69408E-08
     3     7     2    11    24    22   6.15333E+02   6.15333E+02  -2.33101E-05  -3.78820E-08
     3     7     2    12    24    22   6.00450E+02   6.00450E+02   8.63336E-07   1.43782E-09
     3     8     1     1    25    23   1.11323E-02   1.11323E-02  -1.19773E-09  -1.07590E-07
     3     8     1     2    25    23   1.11005E-02   1.11005E-02  -6.40180E-12  -5.76710E-10
     3     8     1     3    25    23   1.11176E-02   1.11176E-02   2.45399E-10   2.20731E-08
     3     8     1     4    25    23   1.11343E-02   1.11343E-02  -2.77423E-11  -2.49161E-09
     3     8     1     5    25    23   1.11507E-02   1.11507E-02   3.71456E-12   3.33122E-10
     3     8     1     6    25    23   1.11157E-02   1.11157E-02   2.93363E-11   2.63916E-09
     3     8     1     7    25    23   1.11486E-02   1.11486E-02  -2.04425E-11  -1.83364E-09
     3     8     1     8    25    23   1.11646E-02   1.11646E-02  -1.42680E-11  -1.27797E-09
     3     8     1     9    25    23   1.11438E-02   1.11438E-02  -5.37867E-12  -4.82658E-10
     3     8     1    10    25    23   1.11596E-02   1.11596E-02   2.05212E-10   1.83888E-08
     3     8     1    11    25    23   1.11751E-02   1.11751E-02  -2.52443E-11  -2.25898E-09
     3     8     1    12    25    23   1.11904E-02   1.11904E-02   3.15675E-12   2.82095E-10
     4    10     1     1    27    24   1.66891E+02   1.66891E+02  -2.90266E-05  -1.73925E-07
     4    10     1     2    27    24   1.70191E+02   1.70191E+02  -2.53076E-07  -1.48701E-09
     4    10     1     3    27    24   1.69303E+02   1.69303E+02   6.83303E-06   4.03598E-08
     4    10     1     4    27    24   1.68434E+02   1.68434E+02  -6.83310E-06  -4.05685E-08
     4    10     1     5    27    24   1.67581E+02   1.67581E+02   2.53077E-07   1.51017E-09
     4    10     1     6    27    24   1.67753E+02   1.67753E+02   1.07506E-06   6.40859E-09
     4    10     1     7    27    24   1.66045E+02   1.66045E+02   2.90269E-05   1.74814E-07
     4    10     1     8    27    24   1.65216E+02   1.65216E+02  -1.07507E-06  -6.50705E-09
     4    10     1     9    27    24   1.63046E+02   1.63046E+02  -2.12573E-07  -1.30376E-09
     4    10     1    10    27    24   1.62231E+02   1.62231E+02   5.73945E-06   3.53783E-08
     4    10     1    11    27    24   1.61432E+02   1.61432E+02  -5.73951E-06  -3.55537E-08
     4    10     1    12    27    24   1.60647E+02   1.60647E+02   2.12574E-07   1.32323E-09
     4    10     2     1    28    25   4.39676E+04   4.39676E+04  -7.54319E-03  -1.71563E-07
     4    10     2     2    28    25   4.77059E+04   4.77059E+04  -6.57670E-05  -1.37859E-09
     4    10     2     3    28    25   4.61944E+04   4.61944E+04   1.77571E-03   3.84400E-08
     4    10     2     4    28    25   4.47791E+04   4.47791E+04  -1.77571E-03  -3.96549E-08
     4    10     2     5    28    25   4.34426E+04   4.34426E+04   6.57670E-05   1.51388E-09
     4    10     2     6    28    25   4.53467E+04   4.53467E+04   2.79377E-04   6.16092E-09
     4    10     2     7    28    25   4.26469E+04   4.26469E+04   7.54319E-03   1.76876E-07
     4    10     2     8    28    25   4.14080E+04   4.14080E+04  -2.79377E-04  -6.74694E-09
     4    10     2     9    28    25   4.15432E+04   4.15432E+04  -5.52414E-05  -1.32974E-09
     4    10     2    10    28    25   4.03301E+04   4.03301E+04   1.49152E-03   3.69828E-08
     4    10     2    11    28    25   3.91833E+04   3.91833E+04  -1.49152E-03  -3.80652E-08
     4    10     2    12    28    25   3.80964E+04   3.80964E+04   5.52414E-05   1.45004E-09
     4    11     1     1    29    26   6.74457E-14   6.74457E-14  -1.24132E-20  -1.24132E-20
     4    11     1     2    29    26   6.06422E-14   6.06422E-14  -1.08227E-22  -1.08227E-22
     4    11     1     3    29    26   6.40987E-14   6.40987E-14   2.92213E-21   2.92213E-21
     4    11     1     4    29    26   6.74956E-14   6.74956E-14  -2.92213E-21  -2.92213E-21
     4    11     1     5    29    26   7.08351E-14   7.08351E-14   1.08227E-22   1.08227E-22
     4    11     1     6    29    26   6.40658E-14   6.40658E-14   4.59747E-22   4.59747E-22
     4    11     1     7    29    26   7.07677E-14   7.07677E-14   1.24132E-20   1.24132E-20
     4    11     1     8    29    26   7.40345E-14   7.40345E-14  -4.59747E-22  -4.59747E-22
     4    11     1     9    29    26   7.04750E-14   7.04750E-14  -9.09060E-23  -9.09060E-23
     4    11     1    10    29    26   7.37214E-14   7.37214E-14   2.45446E-21   2.45446E-21
     4    11     1    11    29    26   7.69137E-14   7.69137E-14  -2.45446E-21  -2.45446E-21
     4    11     1    12    29    26   8.00538E-14   8.00538E-14   9.09060E-23   9.09060E-23
