     1     1   6.58026E-08   6.58026E-08   1.14668E-14   1.74261E-07
     1     2   6.64769E-08   6.64769E-08   9.99761E-17   1.50392E-09
     1     3   6.59141E-08   6.59141E-08  -2.69936E-15  -4.09526E-08
     1     4   6.53732E-08   6.53732E-08   2.69936E-15   4.12915E-08
     1     5   6.48444E-08   6.48444E-08  -9.99762E-17  -1.54178E-09
     1     6   6.63667E-08   6.63667E-08  -4.24697E-16  -6.39925E-09
     1     7   6.52624E-08   6.52624E-08  -1.14668E-14  -1.75703E-07
     1     8   6.47366E-08   6.47366E-08   4.24697E-16   6.56039E-09
     1     9   6.60474E-08   6.60474E-08   8.39756E-17   1.27144E-09
     1    10   6.54819E-08   6.54819E-08  -2.26734E-15  -3.46255E-08
     1    11   6.49456E-08   6.49456E-08   2.26734E-15   3.49114E-08
     1    12   6.44250E-08   6.44250E-08  -8.39757E-17  -1.30346E-09
 *******************************
     2     1   2.49291E-06   2.49291E-06   4.39551E-13   1.76320E-07
     2     2   2.58838E-06   2.58838E-06   3.83232E-15   1.48059E-09
     2     3   2.53936E-06   2.53936E-06  -1.03473E-13  -4.07476E-08
     2     4   2.50330E-06   2.50330E-06   1.03473E-13   4.13345E-08
     2     5   2.47381E-06   2.47381E-06  -3.83232E-15  -1.54916E-09
     2     6   2.53912E-06   2.53912E-06  -1.62797E-14  -6.41153E-09
     2     7   2.45846E-06   2.45846E-06  -4.39551E-13  -1.78791E-07
     2     8   2.43016E-06   2.43016E-06   1.62797E-14   6.69899E-09
     2     9   2.48508E-06   2.48508E-06   3.21899E-15   1.29533E-09
     2    10   2.44127E-06   2.44127E-06  -8.69126E-14  -3.56014E-08
     2    11   2.40791E-06   2.40791E-06   8.69126E-14   3.60947E-08
     2    12   2.38052E-06   2.38052E-06  -3.21899E-15  -1.35222E-09
 *******************************
     3     1   1.96796E-04   1.96796E-04   3.47595E-11   1.76627E-07
     3     2   1.98425E-04   1.98425E-04   3.03058E-13   1.52732E-09
     3     3   1.97376E-04   1.97376E-04  -8.18257E-12  -4.14567E-08
     3     4   1.96379E-04   1.96379E-04   8.18258E-12   4.16672E-08
     3     5   1.95411E-04   1.95411E-04  -3.03058E-13  -1.55087E-09
     3     6   1.97832E-04   1.97832E-04  -1.28739E-12  -6.50749E-09
     3     7   1.95816E-04   1.95816E-04  -3.47595E-11  -1.77511E-07
     3     8   1.94868E-04   1.94868E-04   1.28739E-12   6.60645E-09
     3     9   1.96717E-04   1.96717E-04   2.54556E-13   1.29402E-09
     3    10   1.95703E-04   1.95703E-04  -6.87301E-12  -3.51196E-08
     3    11   1.94753E-04   1.94753E-04   6.87301E-12   3.52908E-08
     3    12   1.93838E-04   1.93838E-04  -2.54556E-13  -1.31324E-09
 *******************************
     4     1   1.08585E-03   1.08585E-03   1.92206E-10   1.77010E-07
     4     2   1.08844E-03   1.08844E-03   1.67579E-12   1.53962E-09
     4     3   1.08606E-03   1.08606E-03  -4.52463E-11  -4.16609E-08
     4     4   1.08386E-03   1.08386E-03   4.52463E-11   4.17456E-08
     4     5   1.08172E-03   1.08172E-03  -1.67579E-12  -1.54918E-09
     4     6   1.08826E-03   1.08826E-03  -7.11872E-12  -6.54139E-09
     4     7   1.08364E-03   1.08364E-03  -1.92206E-10  -1.77370E-07
     4     8   1.08152E-03   1.08152E-03   7.11872E-12   6.58213E-09
     4     9   1.08785E-03   1.08785E-03   1.40759E-12   1.29392E-09
     4    10   1.08539E-03   1.08539E-03  -3.80049E-11  -3.50149E-08
     4    11   1.08319E-03   1.08319E-03   3.80049E-11   3.50862E-08
     4    12   1.08109E-03   1.08109E-03  -1.40759E-12  -1.30201E-09
 *******************************
     5     1   1.06986E-03   1.06986E-03   1.89373E-10   1.77007E-07
     5     2   1.07081E-03   1.07081E-03   1.65109E-12   1.54191E-09
     5     3   1.06930E-03   1.06930E-03  -4.45795E-11  -4.16905E-08
     5     4   1.06794E-03   1.06794E-03   4.45796E-11   4.17435E-08
     5     5   1.06663E-03   1.06663E-03  -1.65109E-12  -1.54796E-09
     5     6   1.07143E-03   1.07143E-03  -7.01383E-12  -6.54625E-09
     5     7   1.06847E-03   1.06847E-03  -1.89373E-10  -1.77237E-07
     5     8   1.06715E-03   1.06715E-03   7.01383E-12   6.57247E-09
     5     9   1.07251E-03   1.07251E-03   1.38685E-12   1.29308E-09
     5    10   1.07086E-03   1.07086E-03  -3.74449E-11  -3.49672E-08
     5    11   1.06943E-03   1.06943E-03   3.74449E-11   3.50140E-08
     5    12   1.06808E-03   1.06808E-03  -1.38685E-12  -1.29845E-09
 *******************************
     6     1   3.14241E-03   3.14241E-03   5.50541E-10   1.75197E-07
     6     2   3.13562E-03   3.13562E-03   4.80002E-12   1.53080E-09
     6     3   3.13643E-03   3.13643E-03  -1.29601E-10  -4.13210E-08
     6     4   3.13752E-03   3.13752E-03   1.29601E-10   4.13067E-08
     6     5   3.13861E-03   3.13861E-03  -4.80002E-12  -1.52935E-09
     6     6   3.14189E-03   3.14189E-03  -2.03904E-11  -6.48986E-09
     6     7   3.14328E-03   3.14328E-03  -5.50541E-10  -1.75149E-07
     6     8   3.14422E-03   3.14422E-03   2.03904E-11   6.48505E-09
     6     9   3.15340E-03   3.15340E-03   4.03181E-12   1.27856E-09
     6    10   3.15344E-03   3.15344E-03  -1.08859E-10  -3.45207E-08
     6    11   3.15396E-03   3.15396E-03   1.08859E-10   3.45149E-08
     6    12   3.15460E-03   3.15460E-03  -4.03181E-12  -1.27807E-09
 *******************************
     7     1   1.01755E-03   1.01755E-03   1.78882E-10   1.75797E-07
     7     2   1.00575E-03   1.00575E-03   1.55962E-12   1.55070E-09
     7     3   1.01105E-03   1.01105E-03  -4.21098E-11  -4.16496E-08
     7     4   1.01629E-03   1.01629E-03   4.21098E-11   4.14349E-08
     7     5   1.02139E-03   1.02139E-03  -1.55962E-12  -1.52695E-09
     7     6   1.01249E-03   1.01249E-03  -6.62525E-12  -6.54352E-09
     7     7   1.02257E-03   1.02257E-03  -1.78882E-10  -1.74934E-07
     7     8   1.02748E-03   1.02748E-03   6.62525E-12   6.44805E-09
     7     9   1.02498E-03   1.02498E-03   1.31001E-12   1.27808E-09
     7    10   1.02963E-03   1.02963E-03  -3.53704E-11  -3.43527E-08
     7    11   1.03428E-03   1.03428E-03   3.53704E-11   3.41980E-08
     7    12   1.03886E-03   1.03886E-03  -1.31001E-12  -1.26102E-09
 *******************************
     8     1   3.38708E-04   3.38708E-04   5.94344E-11   1.75474E-07
     8     2   3.36497E-04   3.36497E-04   5.18193E-13   1.53996E-09
     8     3   3.37362E-04   3.37362E-04  -1.39912E-11  -4.14724E-08
     8     4   3.38234E-04   3.38234E-04   1.39912E-11   4.13655E-08
     8     5   3.39085E-04   3.39085E-04  -5.18193E-13  -1.52821E-09
     8     6   3.37896E-04   3.37896E-04  -2.20128E-12  -6.51466E-09
     8     7   3.39533E-04   3.39533E-04  -5.94344E-11  -1.75047E-07
     8     8   3.40347E-04   3.40347E-04   2.20128E-12   6.46774E-09
     8     9   3.40484E-04   3.40484E-04   4.35259E-13   1.27835E-09
     8    10   3.41205E-04   3.41205E-04  -1.17520E-11  -3.44427E-08
     8    11   3.41955E-04   3.41955E-04   1.17520E-11   3.43671E-08
     8    12   3.42700E-04   3.42700E-04  -4.35259E-13  -1.27009E-09
 *******************************
     9     1   1.24908E-02   1.24908E-02   1.41773E-10   1.13503E-08
     9     2   1.24907E-02   1.24907E-02  -1.14157E-12  -9.13934E-11
     9     3   1.24907E-02   1.24907E-02   1.54374E-11   1.23590E-09
     9     4   1.24908E-02   1.24908E-02  -1.78299E-12  -1.42745E-10
     9     5   1.24908E-02   1.24908E-02  -4.51320E-13  -3.61323E-11
     9     6   1.24907E-02   1.24907E-02   2.17682E-10   1.74275E-08
     9     7   1.24908E-02   1.24908E-02   1.89445E-10   1.51668E-08
     9     8   1.24908E-02   1.24908E-02   2.00369E-10   1.60414E-08
     9     9   1.24908E-02   1.24908E-02  -4.71694E-13  -3.77634E-11
     9    10   1.24908E-02   1.24908E-02  -1.61149E-12  -1.29014E-10
     9    11   1.24908E-02   1.24908E-02   1.28045E-11   1.02512E-09
     9    12   1.24908E-02   1.24908E-02  -9.58053E-13  -7.67007E-11
 *******************************
    10     1   3.16548E-02   3.16549E-02   2.94478E-09   9.30279E-08
    10     2   3.16711E-02   3.16711E-02   1.30881E-11   4.13250E-10
    10     3   3.16625E-02   3.16625E-02  -5.62775E-10  -1.77742E-08
    10     4   3.16542E-02   3.16542E-02  -6.58252E-11  -2.07951E-09
    10     5   3.16461E-02   3.16461E-02  -5.31782E-12  -1.68040E-10
    10     6   3.16631E-02   3.16631E-02  -6.71643E-11  -2.12121E-09
    10     7   3.16468E-02   3.16468E-02   5.70609E-10   1.80306E-08
    10     8   3.16389E-02   3.16389E-02   2.08736E-11   6.59745E-10
    10     9   3.16484E-02   3.16484E-02   1.10265E-11   3.48407E-10
    10    10   3.16405E-02   3.16405E-02  -4.70842E-10  -1.48810E-08
    10    11   3.16328E-02   3.16328E-02  -4.89090E-11  -1.54615E-09
    10    12   3.16253E-02   3.16253E-02  -4.60097E-12  -1.45484E-10
 *******************************
    11     1   1.10175E-01   1.10175E-01  -1.09989E-08  -9.98309E-08
    11     2   1.10099E-01   1.10099E-01  -5.56806E-11  -5.05732E-10
    11     3   1.10139E-01   1.10139E-01   2.18240E-09   1.98150E-08
    11     4   1.10178E-01   1.10178E-01  -1.44946E-10  -1.31556E-09
    11     5   1.10215E-01   1.10215E-01   3.05178E-11   2.76892E-10
    11     6   1.10136E-01   1.10136E-01   2.68003E-10   2.43338E-09
    11     7   1.10212E-01   1.10212E-01  -4.01934E-10  -3.64691E-09
    11     8   1.10249E-01   1.10249E-01  -1.24578E-10  -1.12997E-09
    11     9   1.10205E-01   1.10205E-01  -4.69257E-11  -4.25805E-10
    11    10   1.10242E-01   1.10242E-01   1.82843E-09   1.65857E-08
    11    11   1.10277E-01   1.10277E-01  -1.43780E-10  -1.30380E-09
    11    12   1.10312E-01   1.10312E-01   2.61193E-11   2.36777E-10
 *******************************
    12     1   3.20586E-01   3.20585E-01  -3.93465E-08  -1.22733E-07
    12     2   3.20254E-01   3.20254E-01  -2.30354E-10  -7.19283E-10
    12     3   3.20429E-01   3.20429E-01   8.15406E-09   2.54473E-08
    12     4   3.20598E-01   3.20598E-01  -2.35030E-09  -7.33099E-09
    12     5   3.20763E-01   3.20763E-01   1.58697E-10   4.94749E-10
    12     6   3.20417E-01   3.20417E-01   1.05708E-09   3.29908E-09
    12     7   3.20749E-01   3.20749E-01   6.86517E-09   2.14035E-08
    12     8   3.20909E-01   3.20909E-01  -6.54528E-10  -2.03961E-09
    12     9   3.20717E-01   3.20717E-01  -1.93949E-10  -6.04735E-10
    12    10   3.20876E-01   3.20876E-01   6.83614E-09   2.13046E-08
    12    11   3.21031E-01   3.21031E-01  -2.03736E-09  -6.34631E-09
    12    12   3.21181E-01   3.21181E-01   1.34700E-10   4.19388E-10
 *******************************
    13     1   1.34569E+00   1.34569E+00   1.31977E-07   9.80741E-08
    13     2   1.34638E+00   1.34638E+00   6.78847E-10   5.04201E-10
    13     3   1.34602E+00   1.34602E+00  -2.63725E-08  -1.95930E-08
    13     4   1.34566E+00   1.34566E+00   2.23944E-09   1.66419E-09
    13     5   1.34533E+00   1.34533E+00  -3.80857E-10  -2.83096E-10
    13     6   1.34604E+00   1.34604E+00  -3.22892E-09  -2.39882E-09
    13     7   1.34535E+00   1.34535E+00   3.07696E-09   2.28710E-09
    13     8   1.34503E+00   1.34503E+00   1.54602E-09   1.14944E-09
    13     9   1.34542E+00   1.34542E+00   5.72806E-10   4.25746E-10
    13    10   1.34509E+00   1.34509E+00  -2.21165E-08  -1.64423E-08
    13    11   1.34478E+00   1.34478E+00   2.16232E-09   1.60794E-09
    13    12   1.34448E+00   1.34448E+00  -3.26411E-10  -2.42779E-10
 *******************************
    14     1   8.88649E+00   8.88649E+00  -1.61943E-06  -1.82235E-07
    14     2   8.86443E+00   8.86443E+00  -1.23964E-08  -1.39844E-09
    14     3   8.87607E+00   8.87607E+00   3.65170E-07   4.11409E-08
    14     4   8.88732E+00   8.88732E+00  -2.73768E-07  -3.08043E-08
    14     5   8.89821E+00   8.89821E+00   1.12680E-08   1.26632E-09
    14     6   8.87526E+00   8.87526E+00   5.36634E-08   6.04641E-09
    14     7   8.89734E+00   8.89734E+00   1.10787E-06   1.24517E-07
    14     8   8.90784E+00   8.90784E+00  -4.73476E-08  -5.31527E-09
    14     9   8.89519E+00   8.89519E+00  -1.04167E-08  -1.17105E-09
    14    10   8.90572E+00   8.90572E+00   3.06442E-07   3.44096E-08
    14    11   8.91588E+00   8.91588E+00  -2.30867E-07  -2.58939E-08
    14    12   8.92572E+00   8.92572E+00   9.48365E-09   1.06251E-09
 *******************************
 -------------------------------
     1     1     1     1    15    15   1.58264E+00   1.58264E+00  -2.76729E-07  -1.74852E-07
     1     1     1     2    15    15   1.61428E+00   1.61428E+00  -2.41273E-09  -1.49462E-09
     1     1     1     3    15    15   1.60838E+00   1.60838E+00   6.51436E-08   4.05025E-08
     1     1     1     4    15    15   1.60243E+00   1.60243E+00  -6.51436E-08  -4.06531E-08
     1     1     1     5    15    15   1.59649E+00   1.59649E+00   2.41273E-09   1.51127E-09
     1     1     1     6    15    15   1.58832E+00   1.58832E+00   1.02492E-08   6.45288E-09
     1     1     1     7    15    15   1.57687E+00   1.57687E+00   2.76729E-07   1.75493E-07
     1     1     1     8    15    15   1.57111E+00   1.57111E+00  -1.02492E-08  -6.52356E-09
     1     1     1     9    15    15   1.53952E+00   1.53952E+00  -2.02659E-09  -1.31638E-09
     1     1     1    10    15    15   1.53419E+00   1.53419E+00   5.47178E-08   3.56655E-08
     1     1     1    11    15    15   1.52878E+00   1.52878E+00  -5.47178E-08  -3.57918E-08
     1     1     1    12    15    15   1.52336E+00   1.52336E+00   2.02658E-09   1.33034E-09
     1     1     2     1    16    16   5.15212E+01   5.15212E+01  -9.10623E-06  -1.76747E-07
     1     1     2     2    16    16   4.94263E+01   4.94263E+01  -7.93947E-08  -1.60633E-09
     1     1     2     3    16    16   5.41475E+01   5.41476E+01   2.14366E-06   3.95892E-08
     1     1     2     4    16    16   5.66925E+01   5.66924E+01  -2.14366E-06  -3.78121E-08
     1     1     2     5    16    16   5.81997E+01   5.81997E+01   7.93947E-08   1.36418E-09
     1     1     2     6    16    16   4.69640E+01   4.69640E+01   3.37268E-07   7.18141E-09
     1     1     2     7    16    16   5.41064E+01   5.41064E+01   9.10623E-06   1.68302E-07
     1     1     2     8    16    16   5.57134E+01   5.57134E+01  -3.37268E-07  -6.05362E-09
     1     1     2     9    16    16   4.32281E+01   4.32281E+01  -6.66881E-08  -1.54270E-09
     1     1     2    10    16    16   4.75361E+01   4.75361E+01   1.80058E-06   3.78782E-08
     1     1     2    11    16    16   5.01752E+01   5.01752E+01  -1.80058E-06  -3.58858E-08
     1     1     2    12    16    16   5.18993E+01   5.18993E+01   6.66881E-08   1.28495E-09
     1     2     1     1    17    17   6.32179E-02   6.32179E-02  -5.91496E-09  -9.35646E-08
     1     2     1     2    17    17   6.31792E-02   6.31792E-02  -2.72618E-11  -4.31500E-10
     1     2     1     3    17    17   6.31995E-02   6.31995E-02   1.13605E-09   1.79756E-08
     1     2     1     4    17    17   6.32194E-02   6.32194E-02   6.48885E-11   1.02640E-09
     1     2     1     5    17    17   6.32390E-02   6.32390E-02   1.24116E-11   1.96266E-10
     1     2     1     6    17    17   6.31980E-02   6.31980E-02   1.39793E-10   2.21199E-09
     1     2     1     7    17    17   6.32373E-02   6.32373E-02  -7.99732E-10  -1.26465E-08
     1     2     1     8    17    17   6.32564E-02   6.32564E-02  -4.98688E-11  -7.88360E-10
     1     2     1     9    17    17   6.32333E-02   6.32333E-02  -2.29287E-11  -3.62604E-10
     1     2     1    10    17    17   6.32524E-02   6.32524E-02   9.49770E-10   1.50156E-08
     1     2     1    11    17    17   6.32711E-02   6.32711E-02   4.32120E-11   6.82967E-10
     1     2     1    12    17    17   6.32893E-02   6.32893E-02   1.06482E-11   1.68246E-10
     2     4     1     1    19    18   2.19056E+02   2.19056E+02  -3.83722E-05  -1.75171E-07
     2     4     1     2    19    18   2.24568E+02   2.24568E+02  -3.34557E-07  -1.48978E-09
     2     4     1     3    19    18   2.23065E+02   2.23065E+02   9.03304E-06   4.04950E-08
     2     4     1     4    19    18   2.21565E+02   2.21565E+02  -9.03304E-06  -4.07692E-08
     2     4     1     5    19    18   2.20078E+02   2.20078E+02   3.34557E-07   1.52017E-09
     2     4     1     6    19    18   2.20518E+02   2.20518E+02   1.42119E-06   6.44481E-09
     2     4     1     7    19    18   2.17592E+02   2.17592E+02   3.83722E-05   1.76349E-07
     2     4     1     8    19    18   2.16142E+02   2.16142E+02  -1.42119E-06  -6.57529E-09
     2     4     1     9    19    18   2.12607E+02   2.12607E+02  -2.81013E-07  -1.32175E-09
     2     4     1    10    19    18   2.11221E+02   2.11221E+02   7.58736E-06   3.59215E-08
     2     4     1    11    19    18   2.09834E+02   2.09834E+02  -7.58736E-06  -3.61589E-08
     2     4     1    12    19    18   2.08457E+02   2.08457E+02   2.81013E-07   1.34807E-09
     2     4     2     1    20    19   1.90598E+06   1.90598E+06  -3.33480E-01  -1.74965E-07
     2     4     2     2    20    19   1.86252E+06   1.86252E+06  -2.90753E-03  -1.56107E-09
     2     4     2     3    20    19   2.02889E+06   2.02889E+06   7.85032E-02   3.86926E-08
     2     4     2     4    20    19   2.11244E+06   2.11244E+06  -7.85032E-02  -3.71623E-08
     2     4     2     5    20    19   2.15674E+06   2.15674E+06   2.90752E-03   1.34811E-09
     2     4     2     6    20    19   1.74715E+06   1.74715E+06   1.23511E-02   7.06930E-09
     2     4     2     7    20    19   1.99063E+06   1.99064E+06   3.33480E-01   1.67525E-07
     2     4     2     8    20    19   2.03869E+06   2.03869E+06  -1.23511E-02  -6.05836E-09
     2     4     2     9    20    19   1.57746E+06   1.57746E+06  -2.44220E-03  -1.54818E-09
     2     4     2    10    20    19   1.72522E+06   1.72522E+06   6.59393E-02   3.82209E-08
     2     4     2    11    20    19   1.81127E+06   1.81127E+06  -6.59393E-02  -3.64050E-08
     2     4     2    12    20    19   1.86366E+06   1.86366E+06   2.44219E-03   1.31043E-09
     2     5     1     1    21    20   2.43554E-03   2.43554E-03   4.31131E-10   1.77017E-07
     2     5     1     2    21    20   2.44965E-03   2.44965E-03   3.72043E-12   1.51876E-09
     2     5     1     3    21    20   2.44224E-03   2.44224E-03  -1.01146E-10  -4.14152E-08
     2     5     1     4    21    20   2.43498E-03   2.43498E-03   9.90635E-11   4.06836E-08
     2     5     1     5    21    20   2.42785E-03   2.42785E-03  -3.69473E-12  -1.52181E-09
     2     5     1     6    21    20   2.44278E-03   2.44278E-03  -1.58239E-11  -6.47783E-09
     2     5     1     7    21    20   2.42845E-03   2.42845E-03  -4.19477E-10  -1.72735E-07
     2     5     1     8    21    20   2.42149E-03   2.42149E-03   1.56801E-11   6.47537E-09
     2     5     1     9    21    20   2.42990E-03   2.42990E-03   3.12497E-12   1.28605E-09
     2     5     1    10    21    20   2.42295E-03   2.42295E-03  -8.49480E-11  -3.50598E-08
     2     5     1    11    21    20   2.41615E-03   2.41615E-03   8.32264E-11   3.44459E-08
     2     5     1    12    21    20   2.40948E-03   2.40948E-03  -3.10371E-12  -1.28813E-09
     3     7     1     1    23    21   7.60210E+01   7.60210E+01  -1.33785E-05  -1.75984E-07
     3     7     1     2    23    21   7.73787E+01   7.73787E+01  -1.16643E-07  -1.50743E-09
     3     7     1     3    23    21   7.72034E+01   7.72034E+01   3.14937E-06   4.07931E-08
     3     7     1     4    23    21   7.70236E+01   7.70236E+01  -3.14937E-06  -4.08883E-08
     3     7     1     5    23    21   7.68431E+01   7.68431E+01   1.16643E-07   1.51794E-09
     3     7     1     6    23    21   7.61879E+01   7.61879E+01   4.95499E-07   6.50365E-09
     3     7     1     7    23    21   7.58477E+01   7.58477E+01   1.33785E-05   1.76386E-07
     3     7     1     8    23    21   7.56739E+01   7.56739E+01  -4.95499E-07  -6.54782E-09
     3     7     1     9    23    21   7.39845E+01   7.39845E+01  -9.79753E-08  -1.32427E-09
     3     7     1    10    23    21   7.38299E+01   7.38299E+01   2.64533E-06   3.58301E-08
     3     7     1    11    23    21   7.36695E+01   7.36695E+01  -2.64533E-06  -3.59081E-08
     3     7     1    12    23    21   7.35076E+01   7.35076E+01   9.79752E-08   1.33286E-09
     3     7     2     1    24    22   9.02979E+02   9.02979E+02  -1.59587E-04  -1.76734E-07
     3     7     2     2    24    22   8.66189E+02   8.66189E+02  -1.39140E-06  -1.60635E-09
     3     7     2     3    24    22   9.48950E+02   9.48950E+02   3.75678E-05   3.95888E-08
     3     7     2     4    24    22   9.93571E+02   9.93571E+02  -3.75678E-05  -3.78108E-08
     3     7     2     5    24    22   1.02001E+03   1.02001E+03   1.39140E-06   1.36410E-09
     3     7     2     6    24    22   8.23089E+02   8.23089E+02   5.91064E-06   7.18104E-09
     3     7     2     7    24    22   9.48306E+02   9.48307E+02   1.59587E-04   1.68287E-07
     3     7     2     8    24    22   9.76493E+02   9.76493E+02  -5.91064E-06  -6.05293E-09
     3     7     2     9    24    22   7.57677E+02   7.57677E+02  -1.16871E-06  -1.54250E-09
     3     7     2    10    24    22   8.33201E+02   8.33201E+02   3.15553E-05   3.78723E-08
     3     7     2    11    24    22   8.79477E+02   8.79477E+02  -3.15553E-05  -3.58796E-08
     3     7     2    12    24    22   9.09714E+02   9.09714E+02   1.16871E-06   1.28470E-09
     3     8     1     1    25    23   1.11408E-02   1.11408E-02  -1.96084E-09  -1.76006E-07
     3     8     1     2    25    23   1.11073E-02   1.11073E-02  -1.46547E-11  -1.31938E-09
     3     8     1     3    25    23   1.11249E-02   1.11249E-02   4.38193E-10   3.93885E-08
     3     8     1     4    25    23   1.11421E-02   1.11421E-02  -3.10645E-10  -2.78802E-08
     3     8     1     5    25    23   1.11590E-02   1.11590E-02   1.30800E-11   1.17215E-09
     3     8     1     6    25    23   1.11236E-02   1.11236E-02   6.38117E-11   5.73661E-09
     3     8     1     7    25    23   1.11576E-02   1.11576E-02   1.24698E-09   1.11760E-07
     3     8     1     8    25    23   1.11741E-02   1.11741E-02  -5.49965E-11  -4.92178E-09
     3     8     1     9    25    23   1.11542E-02   1.11542E-02  -1.23177E-11  -1.10432E-09
     3     8     1    10    25    23   1.11707E-02   1.11707E-02   3.67733E-10   3.29195E-08
     3     8     1    11    25    23   1.11868E-02   1.11868E-02  -2.62271E-10  -2.34447E-08
     3     8     1    12    25    23   1.12026E-02   1.12026E-02   1.10157E-11   9.83317E-10
     4    10     1     1    27    24   1.72848E+02   1.72848E+02  -3.00791E-05  -1.74020E-07
     4    10     1     2    27    24   1.76551E+02   1.76551E+02  -2.62252E-07  -1.48542E-09
     4    10     1     3    27    24   1.75710E+02   1.75710E+02   7.08080E-06   4.02983E-08
     4    10     1     4    27    24   1.74864E+02   1.74864E+02  -7.08080E-06  -4.04931E-08
     4    10     1     5    27    24   1.74024E+02   1.74024E+02   2.62252E-07   1.50698E-09
     4    10     1     6    27    24   1.73662E+02   1.73662E+02   1.11404E-06   6.41501E-09
     4    10     1     7    27    24   1.72027E+02   1.72027E+02   3.00791E-05   1.74851E-07
     4    10     1     8    27    24   1.71210E+02   1.71210E+02  -1.11404E-06  -6.50685E-09
     4    10     1     9    27    24   1.68138E+02   1.68138E+02  -2.20280E-07  -1.31012E-09
     4    10     1    10    27    24   1.67371E+02   1.67371E+02   5.94756E-06   3.55351E-08
     4    10     1    11    27    24   1.66598E+02   1.66598E+02  -5.94756E-06  -3.57001E-08
     4    10     1    12    27    24   1.65827E+02   1.65827E+02   2.20280E-07   1.32837E-09
     4    10     2     1    28    25   5.77396E+04   5.77396E+04  -1.02209E-02  -1.77017E-07
     4    10     2     2    28    25   5.58374E+04   5.58374E+04  -8.91131E-05  -1.59594E-09
     4    10     2     3    28    25   6.09198E+04   6.09198E+04   2.40605E-03   3.94954E-08
     4    10     2     4    28    25   6.35248E+04   6.35248E+04  -2.40605E-03  -3.78758E-08
     4    10     2     5    28    25   6.49525E+04   6.49525E+04   8.91131E-05   1.37197E-09
     4    10     2     6    28    25   5.28559E+04   5.28559E+04   3.78551E-04   7.16195E-09
     4    10     2     7    28    25   6.03844E+04   6.03844E+04   1.02209E-02   1.69264E-07
     4    10     2     8    28    25   6.19223E+04   6.19223E+04  -3.78551E-04  -6.11332E-09
     4    10     2     9    28    25   4.81913E+04   4.81913E+04  -7.48512E-05  -1.55321E-09
     4    10     2    10    28    25   5.27664E+04   5.27664E+04   2.02098E-03   3.83005E-08
     4    10     2    11    28    25   5.54611E+04   5.54611E+04  -2.02098E-03  -3.64396E-08
     4    10     2    12    28    25   5.71283E+04   5.71283E+04   7.48511E-05   1.31023E-09
     4    11     1     1    29    26   6.98513E-14   6.98513E-14  -1.28447E-20  -1.28447E-20
     4    11     1     2    29    26   6.25617E-14   6.25617E-14  -1.11989E-22  -1.11989E-22
     4    11     1     3    29    26   6.61670E-14   6.61670E-14   3.02370E-21   3.02370E-21
     4    11     1     4    29    26   6.96962E-14   6.96962E-14  -3.02370E-21  -3.02370E-21
     4    11     1     5    29    26   7.31594E-14   7.31594E-14   1.11989E-22   1.11989E-22
     4    11     1     6    29    26   6.63085E-14   6.63085E-14   4.75728E-22   4.75728E-22
     4    11     1     7    29    26   7.33180E-14   7.33180E-14   1.28447E-20   1.28447E-20
     4    11     1     8    29    26   7.67191E-14   7.67191E-14  -4.75728E-22  -4.75728E-22
     4    11     1     9    29    26   7.34251E-14   7.34251E-14  -9.40660E-23  -9.40660E-23
     4    11     1    10    29    26   7.68628E-14   7.68628E-14   2.53978E-21   2.53978E-21
     4    11     1    11    29    26   8.02226E-14   8.02226E-14  -2.53978E-21  -2.53978E-21
     4    11     1    12    29    26   8.35174E-14   8.35174E-14   9.40659E-23   9.40659E-23
