     1     1   6.72070E-08   6.72069E-08  -1.17087E-14  -1.74219E-07
     1     2   6.79234E-08   6.79234E-08  -1.02102E-16  -1.50319E-09
     1     3   6.74284E-08   6.74284E-08   2.75644E-15   4.08796E-08
     1     4   6.69410E-08   6.69410E-08  -2.75736E-15  -4.11909E-08
     1     5   6.64608E-08   6.64608E-08   1.02113E-16   1.53644E-09
     1     6   6.76937E-08   6.76937E-08   4.33719E-16   6.40709E-09
     1     7   6.67271E-08   6.67272E-08   1.17138E-14   1.75548E-07
     1     8   6.62546E-08   6.62546E-08  -4.33782E-16  -6.54720E-09
     1     9   6.71364E-08   6.71364E-08  -8.57611E-17  -1.27742E-09
     1    10   6.66650E-08   6.66650E-08   2.31530E-15   3.47303E-08
     1    11   6.62007E-08   6.62007E-08  -2.31605E-15  -3.49854E-08
     1    12   6.57431E-08   6.57431E-08   8.57704E-17   1.30463E-09
 *******************************
     2     1   2.54975E-06   2.54975E-06   4.46226E-13   1.75008E-07
     2     2   2.58483E-06   2.58483E-06   3.89053E-15   1.50514E-09
     2     3   2.57583E-06   2.57583E-06  -1.05044E-13  -4.07807E-08
     2     4   2.56752E-06   2.56752E-06   1.05044E-13   4.09126E-08
     2     5   2.55985E-06   2.55985E-06  -3.89053E-15  -1.51983E-09
     2     6   2.55701E-06   2.55701E-06  -1.65269E-14  -6.46338E-09
     2     7   2.54307E-06   2.54307E-06  -4.46226E-13  -1.75468E-07
     2     8   2.53687E-06   2.53687E-06   1.65269E-14   6.51468E-09
     2     9   2.52802E-06   2.52802E-06   3.26787E-15   1.29266E-09
     2    10   2.52278E-06   2.52278E-06  -8.82326E-14  -3.49744E-08
     2    11   2.51793E-06   2.51793E-06   8.82325E-14   3.50418E-08
     2    12   2.51344E-06   2.51344E-06  -3.26787E-15  -1.30016E-09
 *******************************
     3     1   1.97121E-04   1.97121E-04  -3.38698E-11  -1.71822E-07
     3     2   1.98645E-04   1.98645E-04  -2.98732E-13  -1.50385E-09
     3     3   1.97677E-04   1.97677E-04   8.00321E-12   4.04864E-08
     3     4   1.96728E-04   1.96728E-04  -8.19085E-12  -4.16355E-08
     3     5   1.95797E-04   1.95797E-04   3.01048E-13   1.53755E-09
     3     6   1.98061E-04   1.98061E-04   1.26740E-12   6.39904E-09
     3     7   1.96198E-04   1.96198E-04   3.49200E-11   1.77983E-07
     3     8   1.95293E-04   1.95293E-04  -1.28037E-12  -6.55612E-09
     3     9   1.96966E-04   1.96966E-04  -2.50934E-13  -1.27400E-09
     3    10   1.96073E-04   1.96073E-04   6.72349E-12   3.42908E-08
     3    11   1.95196E-04   1.95196E-04  -6.87864E-12  -3.52396E-08
     3    12   1.94336E-04   1.94336E-04   2.52849E-13   1.30109E-09
 *******************************
     4     1   1.08581E-03   1.08581E-03  -1.92193E-10  -1.77004E-07
     4     2   1.08818E-03   1.08818E-03  -1.67607E-12  -1.54025E-09
     4     3   1.08613E-03   1.08613E-03   4.52467E-11   4.16588E-08
     4     4   1.08409E-03   1.08409E-03  -4.52682E-11  -4.17568E-08
     4     5   1.08208E-03   1.08208E-03   1.67633E-12   1.54918E-09
     4     6   1.08782E-03   1.08782E-03   7.11974E-12   6.54494E-09
     4     7   1.08382E-03   1.08382E-03   1.92313E-10   1.77441E-07
     4     8   1.08184E-03   1.08184E-03  -7.12122E-12  -6.58249E-09
     4     9   1.08704E-03   1.08704E-03  -1.40783E-12  -1.29511E-09
     4    10   1.08510E-03   1.08510E-03   3.80054E-11   3.50249E-08
     4    11   1.08318E-03   1.08318E-03  -3.80232E-11  -3.51034E-08
     4    12   1.08128E-03   1.08128E-03   1.40805E-12   1.30221E-09
 *******************************
     5     1   1.06934E-03   1.06934E-03  -1.89577E-10  -1.77283E-07
     5     2   1.07016E-03   1.07016E-03  -1.65284E-12  -1.54448E-09
     5     3   1.06894E-03   1.06894E-03   4.46272E-11   4.17489E-08
     5     4   1.06773E-03   1.06773E-03  -4.46257E-11  -4.17951E-08
     5     5   1.06651E-03   1.06651E-03   1.65282E-12   1.54975E-09
     5     6   1.07054E-03   1.07054E-03   7.02126E-12   6.55860E-09
     5     7   1.06814E-03   1.06814E-03   1.89568E-10   1.77475E-07
     5     8   1.06694E-03   1.06694E-03  -7.02116E-12  -6.58065E-09
     5     9   1.07112E-03   1.07112E-03  -1.38831E-12  -1.29613E-09
     5    10   1.06995E-03   1.06995E-03   3.74849E-11   3.50344E-08
     5    11   1.06877E-03   1.06877E-03  -3.74837E-11  -3.50718E-08
     5    12   1.06760E-03   1.06760E-03   1.38830E-12   1.30040E-09
 *******************************
     6     1   3.13822E-03   3.13822E-03  -5.54271E-10  -1.76619E-07
     6     2   3.13160E-03   3.13160E-03  -4.83166E-12  -1.54287E-09
     6     3   3.13305E-03   3.13305E-03   1.30471E-10   4.16434E-08
     6     4   3.13439E-03   3.13439E-03  -1.30423E-10  -4.16103E-08
     6     5   3.13562E-03   3.13562E-03   4.83107E-12   1.54071E-09
     6     6   3.13687E-03   3.13687E-03   2.05252E-11   6.54322E-09
     6     7   3.13945E-03   3.13945E-03   5.54003E-10   1.76465E-07
     6     8   3.14058E-03   3.14058E-03  -2.05219E-11  -6.53443E-09
     6     9   3.14624E-03   3.14624E-03  -4.05838E-12  -1.28991E-09
     6    10   3.14740E-03   3.14740E-03   1.09590E-10   3.48191E-08
     6    11   3.14845E-03   3.14845E-03  -1.09550E-10  -3.47949E-08
     6    12   3.14941E-03   3.14941E-03   4.05789E-12   1.28846E-09
 *******************************
     7     1   1.01334E-03   1.01334E-03  -1.78105E-10  -1.75761E-07
     7     2   1.00213E-03   1.00213E-03  -1.55275E-12  -1.54945E-09
     7     3   1.00747E-03   1.00747E-03   4.19261E-11   4.16152E-08
     7     4   1.01265E-03   1.01265E-03  -4.19204E-11  -4.13967E-08
     7     5   1.01768E-03   1.01768E-03   1.55268E-12   1.52571E-09
     7     6   1.00819E-03   1.00819E-03   6.59610E-12   6.54249E-09
     7     7   1.01832E-03   1.01832E-03   1.78074E-10   1.74869E-07
     7     8   1.02317E-03   1.02317E-03  -6.59571E-12  -6.44636E-09
     7     9   1.01922E-03   1.01922E-03  -1.30424E-12  -1.27964E-09
     7    10   1.02402E-03   1.02402E-03   3.52161E-11   3.43899E-08
     7    11   1.02868E-03   1.02868E-03  -3.52114E-11  -3.42295E-08
     7    12   1.03321E-03   1.03321E-03   1.30418E-12   1.26226E-09
 *******************************
     8     1   3.37813E-04   3.37813E-04  -5.98361E-11  -1.77128E-07
     8     2   3.35704E-04   3.35704E-04  -5.21616E-13  -1.55380E-09
     8     3   3.36611E-04   3.36611E-04   1.40851E-11   4.18438E-08
     8     4   3.37487E-04   3.37487E-04  -1.40807E-11  -4.17223E-08
     8     5   3.38333E-04   3.38333E-04   5.21563E-13   1.54156E-09
     8     6   3.36941E-04   3.36942E-04   2.21585E-12   6.57638E-09
     8     7   3.38653E-04   3.38653E-04   5.98119E-11   1.76617E-07
     8     8   3.39466E-04   3.39466E-04  -2.21555E-12  -6.52658E-09
     8     9   3.39181E-04   3.39181E-04  -4.38134E-13  -1.29174E-09
     8    10   3.39988E-04   3.39988E-04   1.18308E-11   3.47977E-08
     8    11   3.40769E-04   3.40769E-04  -1.18272E-11  -3.47075E-08
     8    12   3.41524E-04   3.41524E-04   4.38090E-13   1.28275E-09
 *******************************
     9     1   1.24908E-02   1.24908E-02   1.73729E-10   1.39086E-08
     9     2   1.24907E-02   1.24907E-02  -4.23243E-13  -3.38846E-11
     9     3   1.24907E-02   1.24907E-02  -3.33822E-12  -2.67255E-10
     9     4   1.24908E-02   1.24908E-02   1.15259E-11   9.22757E-10
     9     5   1.24908E-02   1.24908E-02  -9.41917E-13  -7.54091E-11
     9     6   1.24907E-02   1.24907E-02   1.89510E-10   1.51721E-08
     9     7   1.24908E-02   1.24908E-02   1.42189E-10   1.13836E-08
     9     8   1.24908E-02   1.24908E-02   1.81240E-10   1.45099E-08
     9     9   1.24908E-02   1.24908E-02  -7.49067E-13  -5.99697E-11
     9    10   1.24908E-02   1.24908E-02   6.59501E-12   5.27991E-10
     9    11   1.24908E-02   1.24908E-02   1.08795E-13   8.71002E-12
     9    12   1.24908E-02   1.24908E-02  -4.79958E-13  -3.84250E-11
 *******************************
    10     1   3.16596E-02   3.16596E-02   2.21574E-09   6.99862E-08
    10     2   3.16750E-02   3.16750E-02   7.11165E-12   2.24520E-10
    10     3   3.16667E-02   3.16667E-02  -4.07316E-10  -1.28626E-08
    10     4   3.16587E-02   3.16587E-02  -2.39408E-10  -7.56218E-09
    10     5   3.16508E-02   3.16508E-02   8.91953E-13   2.81811E-11
    10     6   3.16676E-02   3.16676E-02  -4.04484E-11  -1.27728E-09
    10     7   3.16518E-02   3.16518E-02   1.39833E-09   4.41785E-08
    10     8   3.16442E-02   3.16442E-02  -9.91329E-12  -3.13274E-10
    10     9   3.16541E-02   3.16541E-02   6.02158E-12   1.90230E-10
    10    10   3.16466E-02   3.16466E-02  -3.40580E-10  -1.07620E-08
    10    11   3.16392E-02   3.16392E-02  -1.94156E-10  -6.13657E-09
    10    12   3.16320E-02   3.16320E-02   5.97682E-13   1.88948E-11
 *******************************
    11     1   1.10153E-01   1.10152E-01  -7.82210E-09  -7.10116E-08
    11     2   1.10081E-01   1.10081E-01  -2.85921E-11  -2.59737E-10
    11     3   1.10120E-01   1.10120E-01   1.47438E-09   1.33889E-08
    11     4   1.10157E-01   1.10157E-01   6.33557E-10   5.75139E-09
    11     5   1.10194E-01   1.10194E-01   2.55022E-12   2.31431E-11
    11     6   1.10115E-01   1.10115E-01   1.46905E-10   1.33410E-09
    11     7   1.10189E-01   1.10189E-01  -3.97056E-09  -3.60342E-08
    11     8   1.10224E-01   1.10224E-01   4.00364E-12   3.63227E-11
    11     9   1.10178E-01   1.10178E-01  -2.41172E-11  -2.18893E-10
    11    10   1.10213E-01   1.10213E-01   1.23191E-09   1.11775E-08
    11    11   1.10247E-01   1.10247E-01   5.11013E-10   4.63515E-09
    11    12   1.10281E-01   1.10281E-01   2.58336E-12   2.34253E-11
 *******************************
    12     1   3.20488E-01   3.20488E-01  -2.60285E-08  -8.12153E-08
    12     2   3.20175E-01   3.20175E-01  -1.12841E-10  -3.52437E-10
    12     3   3.20344E-01   3.20344E-01   5.07637E-09   1.58466E-08
    12     4   3.20508E-01   3.20508E-01   1.01302E-09   3.16067E-09
    12     5   3.20668E-01   3.20668E-01   3.76534E-11   1.17422E-10
    12     6   3.20325E-01   3.20325E-01   5.44921E-10   1.70115E-09
    12     7   3.20647E-01   3.20647E-01  -8.04995E-09  -2.51054E-08
    12     8   3.20802E-01   3.20802E-01  -1.21110E-10  -3.77523E-10
    12     9   3.20600E-01   3.20600E-01  -9.50356E-11  -2.96431E-10
    12    10   3.20753E-01   3.20753E-01   4.24414E-09   1.32318E-08
    12    11   3.20902E-01   3.20902E-01   7.90805E-10   2.46432E-09
    12    12   3.21047E-01   3.21047E-01   3.28663E-11   1.02372E-10
 *******************************
    13     1   1.34589E+00   1.34589E+00   1.06452E-07   7.90943E-08
    13     2   1.34655E+00   1.34655E+00   4.33207E-10   3.21716E-10
    13     3   1.34619E+00   1.34619E+00  -2.04038E-08  -1.51567E-08
    13     4   1.34585E+00   1.34585E+00  -5.72239E-09  -4.25188E-09
    13     5   1.34552E+00   1.34552E+00  -1.10556E-10  -8.21662E-11
    13     6   1.34623E+00   1.34623E+00  -2.15441E-09  -1.60033E-09
    13     7   1.34556E+00   1.34556E+00   3.97423E-08   2.95358E-08
    13     8   1.34525E+00   1.34525E+00   3.18290E-10   2.36604E-10
    13     9   1.34566E+00   1.34566E+00   3.66093E-10   2.72055E-10
    13    10   1.34535E+00   1.34535E+00  -1.70839E-08  -1.26985E-08
    13    11   1.34504E+00   1.34504E+00  -4.51828E-09  -3.35921E-09
    13    12   1.34475E+00   1.34475E+00  -9.93055E-11  -7.38469E-11
 *******************************
    14     1   8.88002E+00   8.88002E+00  -1.09477E-06  -1.23284E-07
    14     2   8.85909E+00   8.85909E+00  -6.48458E-09  -7.31969E-10
    14     3   8.87039E+00   8.87039E+00   2.29940E-07   2.59222E-08
    14     4   8.88135E+00   8.88135E+00  -6.53704E-08  -7.36041E-09
    14     5   8.89199E+00   8.89199E+00   4.45284E-09   5.00770E-10
    14     6   8.86915E+00   8.86915E+00   2.91776E-08   3.28978E-09
    14     7   8.89056E+00   8.89056E+00   1.73695E-07   1.95371E-08
    14     8   8.90079E+00   8.90079E+00  -1.78027E-08  -2.00012E-09
    14     9   8.88745E+00   8.88745E+00  -5.44961E-09  -6.13180E-10
    14    10   8.89756E+00   8.89756E+00   1.92497E-07   2.16348E-08
    14    11   8.90739E+00   8.90739E+00  -5.64243E-08  -6.33455E-09
    14    12   8.91694E+00   8.91694E+00   3.76969E-09   4.22756E-10
 *******************************
 -------------------------------
     1     1     1     1    15    15   1.52621E+00   1.52621E+00  -2.66514E-07  -1.74625E-07
     1     1     1     2    15    15   1.55392E+00   1.55392E+00  -2.32367E-09  -1.49536E-09
     1     1     1     3    15    15   1.54751E+00   1.54751E+00   6.27390E-08   4.05420E-08
     1     1     1     4    15    15   1.54124E+00   1.54124E+00  -6.27392E-08  -4.07070E-08
     1     1     1     5    15    15   1.53510E+00   1.53510E+00   2.32367E-09   1.51370E-09
     1     1     1     6    15    15   1.53242E+00   1.53242E+00   9.87092E-09   6.44139E-09
     1     1     1     7    15    15   1.52011E+00   1.52011E+00   2.66516E-07   1.75326E-07
     1     1     1     8    15    15   1.51415E+00   1.51415E+00  -9.87093E-09  -6.51911E-09
     1     1     1     9    15    15   1.49164E+00   1.49164E+00  -1.95178E-09  -1.30848E-09
     1     1     1    10    15    15   1.48579E+00   1.48579E+00   5.26981E-08   3.54682E-08
     1     1     1    11    15    15   1.48005E+00   1.48005E+00  -5.26982E-08  -3.56057E-08
     1     1     1    12    15    15   1.47442E+00   1.47442E+00   1.95178E-09   1.32376E-09
     1     1     2     1    16    16   4.15379E+01   4.15379E+01  -7.13995E-06  -1.71890E-07
     1     1     2     2    16    16   4.46590E+01   4.46590E+01  -6.22513E-08  -1.39392E-09
     1     1     2     3    16    16   4.34331E+01   4.34331E+01   1.68078E-06   3.86982E-08
     1     1     2     4    16    16   4.22779E+01   4.22779E+01  -1.68078E-06  -3.97556E-08
     1     1     2     5    16    16   4.11868E+01   4.11868E+01   6.22513E-08   1.51144E-09
     1     1     2     6    16    16   4.26680E+01   4.26680E+01   2.64443E-07   6.19768E-09
     1     1     2     7    16    16   4.04681E+01   4.04681E+01   7.13995E-06   1.76434E-07
     1     1     2     8    16    16   3.94589E+01   3.94589E+01  -2.64443E-07  -6.70173E-09
     1     1     2     9    16    16   3.95310E+01   3.95310E+01  -5.22884E-08  -1.32272E-09
     1     1     2    10    16    16   3.85390E+01   3.85390E+01   1.41179E-06   3.66327E-08
     1     1     2    11    16    16   3.76006E+01   3.76006E+01  -1.41179E-06  -3.75469E-08
     1     1     2    12    16    16   3.67101E+01   3.67101E+01   5.22884E-08   1.42436E-09
     1     2     1     1    17    17   6.32065E-02   6.32065E-02  -4.02890E-09  -6.37419E-08
     1     2     1     2    17    17   6.31700E-02   6.31700E-02  -1.26609E-11  -2.00426E-10
     1     2     1     3    17    17   6.31896E-02   6.31896E-02   7.39746E-10   1.17068E-08
     1     2     1     4    17    17   6.32089E-02   6.32089E-02   4.55933E-10   7.21311E-09
     1     2     1     5    17    17   6.32278E-02   6.32278E-02  -2.14750E-12  -3.39645E-11
     1     2     1     6    17    17   6.31874E-02   6.31874E-02   7.39929E-11   1.17101E-09
     1     2     1     7    17    17   6.32252E-02   6.32252E-02  -2.64968E-09  -4.19086E-08
     1     2     1     8    17    17   6.32437E-02   6.32437E-02   2.23675E-11   3.53672E-10
     1     2     1     9    17    17   6.32196E-02   6.32196E-02  -1.07039E-11  -1.69313E-10
     1     2     1    10    17    17   6.32377E-02   6.32377E-02   6.17952E-10   9.77189E-09
     1     2     1    11    17    17   6.32556E-02   6.32556E-02   3.70679E-10   5.86003E-09
     1     2     1    12    17    17   6.32731E-02   6.32731E-02  -1.54399E-12  -2.44019E-11
     2     4     1     1    19    18   2.11935E+02   2.11935E+02  -3.70434E-05  -1.74787E-07
     2     4     1     2    19    18   2.16779E+02   2.16779E+02  -3.22975E-07  -1.48988E-09
     2     4     1     3    19    18   2.15240E+02   2.15240E+02   8.72027E-06   4.05141E-08
     2     4     1     4    19    18   2.13732E+02   2.13732E+02  -8.72047E-06  -4.08010E-08
     2     4     1     5    19    18   2.12252E+02   2.12252E+02   3.22978E-07   1.52167E-09
     2     4     1     6    19    18   2.13437E+02   2.13437E+02   1.37199E-06   6.42810E-09
     2     4     1     7    19    18   2.10460E+02   2.10461E+02   3.70446E-05   1.76017E-07
     2     4     1     8    19    18   2.09015E+02   2.09015E+02  -1.37201E-06  -6.56414E-09
     2     4     1     9    19    18   2.06819E+02   2.06819E+02  -2.71285E-07  -1.31170E-09
     2     4     1    10    19    18   2.05392E+02   2.05392E+02   7.32465E-06   3.56619E-08
     2     4     1    11    19    18   2.03992E+02   2.03992E+02  -7.32481E-06  -3.59074E-08
     2     4     1    12    19    18   2.02617E+02   2.02617E+02   2.71287E-07   1.33892E-09
     2     4     2     1    20    19   1.54766E+06   1.54766E+06  -2.64320E-01  -1.70787E-07
     2     4     2     2    20    19   1.69224E+06   1.69224E+06  -2.30453E-03  -1.36182E-09
     2     4     2     3    20    19   1.63720E+06   1.63720E+06   6.22224E-02   3.80054E-08
     2     4     2     4    20    19   1.58546E+06   1.58546E+06  -6.22224E-02  -3.92457E-08
     2     4     2     5    20    19   1.53672E+06   1.53672E+06   2.30453E-03   1.49965E-09
     2     4     2     6    20    19   1.59792E+06   1.59792E+06   9.78962E-03   6.12647E-09
     2     4     2     7    20    19   1.50022E+06   1.50023E+06   2.64320E-01   1.76187E-07
     2     4     2     8    20    19   1.45557E+06   1.45557E+06  -9.78962E-03  -6.72564E-09
     2     4     2     9    20    19   1.45547E+06   1.45547E+06  -1.93571E-03  -1.32995E-09
     2     4     2    10    20    19   1.41203E+06   1.41203E+06   5.22641E-02   3.70133E-08
     2     4     2    11    20    19   1.37104E+06   1.37104E+06  -5.22641E-02  -3.81200E-08
     2     4     2    12    20    19   1.33224E+06   1.33224E+06   1.93571E-03   1.45297E-09
     2     5     1     1    21    20   2.43969E-03   2.43969E-03   3.00584E-10   1.23206E-07
     2     5     1     2    21    20   2.45298E-03   2.45298E-03   1.81904E-12   7.41561E-10
     2     5     1     3    21    20   2.44584E-03   2.44584E-03  -6.35734E-11  -2.59925E-08
     2     5     1     4    21    20   2.43881E-03   2.43881E-03   2.01952E-11   8.28076E-09
     2     5     1     5    21    20   2.43190E-03   2.43190E-03  -1.28350E-12  -5.27778E-10
     2     5     1     6    21    20   2.44665E-03   2.44665E-03  -8.13583E-12  -3.32530E-09
     2     5     1     7    21    20   2.43286E-03   2.43286E-03  -5.78029E-11  -2.37592E-08
     2     5     1     8    21    20   2.42613E-03   2.42613E-03   5.13781E-12   2.11769E-09
     2     5     1     9    21    20   2.43492E-03   2.43492E-03   1.52739E-12   6.27285E-10
     2     5     1    10    21    20   2.42831E-03   2.42830E-03  -5.31951E-11  -2.19063E-08
     2     5     1    11    21    20   2.42180E-03   2.42180E-03   1.73283E-11   7.15514E-09
     2     5     1    12    21    20   2.41539E-03   2.41539E-03  -1.08459E-12  -4.49032E-10
     3     7     1     1    23    21   7.32108E+01   7.32108E+01  -1.28386E-05  -1.75365E-07
     3     7     1     2    23    21   7.43982E+01   7.43982E+01  -1.11937E-07  -1.50456E-09
     3     7     1     3    23    21   7.41923E+01   7.41923E+01   3.02229E-06   4.07358E-08
     3     7     1     4    23    21   7.39918E+01   7.39918E+01  -3.02229E-06  -4.08463E-08
     3     7     1     5    23    21   7.37958E+01   7.37958E+01   1.11937E-07   1.51684E-09
     3     7     1     6    23    21   7.34089E+01   7.34089E+01   4.75505E-07   6.47749E-09
     3     7     1     7    23    21   7.30167E+01   7.30167E+01   1.28386E-05   1.75832E-07
     3     7     1     8    23    21   7.28276E+01   7.28276E+01  -4.75505E-07  -6.52918E-09
     3     7     1     9    23    21   7.15647E+01   7.15647E+01  -9.40219E-08  -1.31380E-09
     3     7     1    10    23    21   7.13798E+01   7.13798E+01   2.53859E-06   3.55646E-08
     3     7     1    11    23    21   7.11991E+01   7.11991E+01  -2.53859E-06  -3.56548E-08
     3     7     1    12    23    21   7.10219E+01   7.10219E+01   9.40219E-08   1.32384E-09
     3     7     2     1    24    22   7.27991E+02   7.27990E+02  -1.25265E-04  -1.72070E-07
     3     7     2     2    24    22   7.82629E+02   7.82629E+02  -1.09216E-06  -1.39550E-09
     3     7     2     3    24    22   7.61162E+02   7.61162E+02   2.94882E-05   3.87410E-08
     3     7     2     4    24    22   7.40932E+02   7.40932E+02  -2.94882E-05  -3.97988E-08
     3     7     2     5    24    22   7.21826E+02   7.21826E+02   1.09216E-06   1.51305E-09
     3     7     2     6    24    22   7.47783E+02   7.47783E+02   4.63946E-06   6.20429E-09
     3     7     2     7    24    22   7.09255E+02   7.09256E+02   1.25265E-04   1.76615E-07
     3     7     2     8    24    22   6.91581E+02   6.91581E+02  -4.63946E-06  -6.70849E-09
     3     7     2     9    24    22   6.92858E+02   6.92858E+02  -9.17364E-07  -1.32403E-09
     3     7     2    10    24    22   6.75482E+02   6.75482E+02   2.47688E-05   3.66683E-08
     3     7     2    11    24    22   6.59047E+02   6.59046E+02  -2.47688E-05  -3.75828E-08
     3     7     2    12    24    22   6.43450E+02   6.43450E+02   9.17363E-07   1.42570E-09
     3     8     1     1    25    23   1.11309E-02   1.11309E-02  -1.06596E-09  -9.57662E-08
     3     8     1     2    25    23   1.10994E-02   1.10994E-02  -5.30983E-12  -4.78390E-10
     3     8     1     3    25    23   1.11163E-02   1.11163E-02   2.14885E-10   1.93305E-08
     3     8     1     4    25    23   1.11330E-02   1.11330E-02  -3.22607E-13  -2.89775E-11
     3     8     1     5    25    23   1.11494E-02   1.11494E-02   2.66081E-12   2.38650E-10
     3     8     1     6    25    23   1.11144E-02   1.11144E-02   2.46698E-11   2.21962E-09
     3     8     1     7    25    23   1.11471E-02   1.11471E-02  -1.34883E-10  -1.21002E-08
     3     8     1     8    25    23   1.11631E-02   1.11631E-02  -9.81581E-12  -8.79309E-10
     3     8     1     9    25    23   1.11422E-02   1.11422E-02  -4.46170E-12  -4.00431E-10
     3     8     1    10    25    23   1.11579E-02   1.11579E-02   1.79601E-10   1.60962E-08
     3     8     1    11    25    23   1.11734E-02   1.11734E-02  -2.19221E-12  -1.96199E-10
     3     8     1    12    25    23   1.11886E-02   1.11886E-02   2.27137E-12   2.03008E-10
     4    10     1     1    27    24   1.66869E+02   1.66868E+02  -2.92092E-05  -1.75043E-07
     4    10     1     2    27    24   1.70114E+02   1.70114E+02  -2.54668E-07  -1.49704E-09
     4    10     1     3    27    24   1.69226E+02   1.69226E+02   6.87603E-06   4.06321E-08
     4    10     1     4    27    24   1.68357E+02   1.68357E+02  -6.87607E-06  -4.08422E-08
     4    10     1     5    27    24   1.67505E+02   1.67505E+02   2.54669E-07   1.52037E-09
     4    10     1     6    27    24   1.67731E+02   1.67731E+02   1.08183E-06   6.44977E-09
     4    10     1     7    27    24   1.66022E+02   1.66022E+02   2.92095E-05   1.75937E-07
     4    10     1     8    27    24   1.65193E+02   1.65193E+02  -1.08183E-06  -6.54888E-09
     4    10     1     9    27    24   1.63123E+02   1.63123E+02  -2.13910E-07  -1.31134E-09
     4    10     1    10    27    24   1.62308E+02   1.62308E+02   5.77556E-06   3.55840E-08
     4    10     1    11    27    24   1.61509E+02   1.61509E+02  -5.77560E-06  -3.57603E-08
     4    10     1    12    27    24   1.60724E+02   1.60724E+02   2.13911E-07   1.33092E-09
     4    10     2     1    28    25   4.68633E+04   4.68633E+04  -8.03480E-03  -1.71452E-07
     4    10     2     2    28    25   5.07164E+04   5.07164E+04  -7.00532E-05  -1.38127E-09
     4    10     2     3    28    25   4.91429E+04   4.91429E+04   1.89144E-03   3.84885E-08
     4    10     2     4    28    25   4.76615E+04   4.76615E+04  -1.89144E-03  -3.96848E-08
     4    10     2     5    28    25   4.62640E+04   4.62640E+04   7.00532E-05   1.51421E-09
     4    10     2     6    28    25   4.83196E+04   4.83196E+04   2.97585E-04   6.15869E-09
     4    10     2     7    28    25   4.54869E+04   4.54869E+04   8.03480E-03   1.76640E-07
     4    10     2     8    28    25   4.41896E+04   4.41896E+04  -2.97585E-04  -6.73428E-09
     4    10     2     9    28    25   4.44344E+04   4.44344E+04  -5.88417E-05  -1.32424E-09
     4    10     2    10    28    25   4.31580E+04   4.31580E+04   1.58872E-03   3.68118E-08
     4    10     2    11    28    25   4.19520E+04   4.19520E+04  -1.58872E-03  -3.78700E-08
     4    10     2    12    28    25   4.08093E+04   4.08093E+04   5.88416E-05   1.44187E-09
     4    11     1     1    29    26   6.72489E-14   6.72489E-14  -1.22992E-20  -1.22992E-20
     4    11     1     2    29    26   6.04742E-14   6.04742E-14  -1.07233E-22  -1.07233E-22
     4    11     1     3    29    26   6.39228E-14   6.39228E-14   2.89530E-21   2.89530E-21
     4    11     1     4    29    26   6.73118E-14   6.73118E-14  -2.89528E-21  -2.89528E-21
     4    11     1     5    29    26   7.06439E-14   7.06439E-14   1.07233E-22   1.07233E-22
     4    11     1     6    29    26   6.38774E-14   6.38774E-14   4.55525E-22   4.55525E-22
     4    11     1     7    29    26   7.05631E-14   7.05632E-14   1.22991E-20   1.22991E-20
     4    11     1     8    29    26   7.38225E-14   7.38225E-14  -4.55524E-22  -4.55524E-22
     4    11     1     9    29    26   7.02465E-14   7.02465E-14  -9.00711E-23  -9.00711E-23
     4    11     1    10    29    26   7.34847E-14   7.34847E-14   2.43192E-21   2.43192E-21
     4    11     1    11    29    26   7.66691E-14   7.66691E-14  -2.43191E-21  -2.43191E-21
     4    11     1    12    29    26   7.98016E-14   7.98016E-14   9.00709E-23   9.00709E-23
