     1     1   6.56434E-08   6.56435E-08   1.14748E-14   1.74805E-07
     1     2   6.63452E-08   6.63452E-08   1.00046E-16   1.50796E-09
     1     3   6.57708E-08   6.57708E-08  -2.70123E-15  -4.10704E-08
     1     4   6.52247E-08   6.52247E-08   2.70123E-15   4.14143E-08
     1     5   6.46926E-08   6.46926E-08  -1.00046E-16  -1.54648E-09
     1     6   6.62254E-08   6.62254E-08  -4.24993E-16  -6.41737E-09
     1     7   6.50968E-08   6.50968E-08  -1.14748E-14  -1.76273E-07
     1     8   6.45668E-08   6.45668E-08   4.24993E-16   6.58222E-09
     1     9   6.58849E-08   6.58849E-08   8.40340E-17   1.27547E-09
     1    10   6.52946E-08   6.52946E-08  -2.26892E-15  -3.47490E-08
     1    11   6.47477E-08   6.47478E-08   2.26892E-15   3.50424E-08
     1    12   6.42210E-08   6.42210E-08  -8.40341E-17  -1.30851E-09
 *******************************
     2     1   2.51665E-06   2.51665E-06   4.39054E-13   1.74460E-07
     2     2   2.61907E-06   2.61907E-06   3.82800E-15   1.46158E-09
     2     3   2.56155E-06   2.56155E-06  -1.03356E-13  -4.03489E-08
     2     4   2.52091E-06   2.52091E-06   1.03356E-13   4.09995E-08
     2     5   2.48855E-06   2.48855E-06  -3.82800E-15  -1.53825E-09
     2     6   2.57067E-06   2.57067E-06  -1.62613E-14  -6.32570E-09
     2     7   2.47745E-06   2.47745E-06  -4.39054E-13  -1.77220E-07
     2     8   2.44614E-06   2.44614E-06   1.62613E-14   6.64773E-09
     2     9   2.51996E-06   2.51996E-06   3.21535E-15   1.27595E-09
     2    10   2.46834E-06   2.46834E-06  -8.68145E-14  -3.51712E-08
     2    11   2.43004E-06   2.43004E-06   8.68145E-14   3.57255E-08
     2    12   2.39932E-06   2.39932E-06  -3.21535E-15  -1.34011E-09
 *******************************
     3     1   1.96702E-04   1.96702E-04   3.47011E-11   1.76414E-07
     3     2   1.98365E-04   1.98365E-04   3.02549E-13   1.52522E-09
     3     3   1.97288E-04   1.97288E-04  -8.16883E-12  -4.14056E-08
     3     4   1.96279E-04   1.96279E-04   8.16883E-12   4.16184E-08
     3     5   1.95303E-04   1.95303E-04  -3.02549E-13  -1.54913E-09
     3     6   1.97780E-04   1.97780E-04  -1.28523E-12  -6.49827E-09
     3     7   1.95707E-04   1.95707E-04  -3.47011E-11  -1.77312E-07
     3     8   1.94749E-04   1.94749E-04   1.28523E-12   6.59939E-09
     3     9   1.96674E-04   1.96674E-04   2.54128E-13   1.29213E-09
     3    10   1.95604E-04   1.95604E-04  -6.86147E-12  -3.50784E-08
     3    11   1.94630E-04   1.94630E-04   6.86147E-12   3.52540E-08
     3    12   1.93700E-04   1.93700E-04  -2.54128E-13  -1.31197E-09
 *******************************
     4     1   1.08556E-03   1.08556E-03   1.91937E-10   1.76809E-07
     4     2   1.08829E-03   1.08829E-03   1.67345E-12   1.53769E-09
     4     3   1.08578E-03   1.08578E-03  -4.51832E-11  -4.16136E-08
     4     4   1.08352E-03   1.08352E-03   4.51832E-11   4.17002E-08
     4     5   1.08136E-03   1.08136E-03  -1.67345E-12  -1.54754E-09
     4     6   1.08817E-03   1.08817E-03  -7.10879E-12  -6.53278E-09
     4     7   1.08329E-03   1.08329E-03  -1.91937E-10  -1.77181E-07
     4     8   1.08113E-03   1.08113E-03   7.10880E-12   6.57534E-09
     4     9   1.08787E-03   1.08787E-03   1.40563E-12   1.29209E-09
     4    10   1.08514E-03   1.08514E-03  -3.79519E-11  -3.49742E-08
     4    11   1.08282E-03   1.08282E-03   3.79519E-11   3.50491E-08
     4    12   1.08066E-03   1.08066E-03  -1.40563E-12  -1.30071E-09
 *******************************
     5     1   1.06963E-03   1.06963E-03   1.88663E-10   1.76381E-07
     5     2   1.07070E-03   1.07070E-03   1.64490E-12   1.53629E-09
     5     3   1.06906E-03   1.06906E-03  -4.44123E-11  -4.15431E-08
     5     4   1.06766E-03   1.06766E-03   4.44123E-11   4.15979E-08
     5     5   1.06632E-03   1.06632E-03  -1.64490E-12  -1.54260E-09
     5     6   1.07139E-03   1.07139E-03  -6.98751E-12  -6.52193E-09
     5     7   1.06818E-03   1.06818E-03  -1.88663E-10  -1.76621E-07
     5     8   1.06682E-03   1.06682E-03   6.98752E-12   6.54984E-09
     5     9   1.07259E-03   1.07259E-03   1.38164E-12   1.28814E-09
     5    10   1.07067E-03   1.07067E-03  -3.73044E-11  -3.48421E-08
     5    11   1.06913E-03   1.06913E-03   3.73044E-11   3.48922E-08
     5    12   1.06773E-03   1.06773E-03  -1.38164E-12  -1.29400E-09
 *******************************
     6     1   3.14210E-03   3.14211E-03   5.56010E-10   1.76955E-07
     6     2   3.13557E-03   3.13557E-03   4.84770E-12   1.54603E-09
     6     3   3.13607E-03   3.13607E-03  -1.30888E-10  -4.17362E-08
     6     4   3.13705E-03   3.13705E-03   1.30888E-10   4.17232E-08
     6     5   3.13808E-03   3.13808E-03  -4.84770E-12  -1.54480E-09
     6     6   3.14207E-03   3.14207E-03  -2.05929E-11  -6.55394E-09
     6     7   3.14283E-03   3.14282E-03  -5.56010E-10  -1.76914E-07
     6     8   3.14368E-03   3.14368E-03   2.05930E-11   6.55059E-09
     6     9   3.15399E-03   3.15399E-03   4.07186E-12   1.29102E-09
     6    10   3.15335E-03   3.15335E-03  -1.09940E-10  -3.48646E-08
     6    11   3.15361E-03   3.15361E-03   1.09940E-10   3.48617E-08
     6    12   3.15410E-03   3.15410E-03  -4.07185E-12  -1.29097E-09
 *******************************
     7     1   1.01776E-03   1.01776E-03   1.80915E-10   1.77758E-07
     7     2   1.00597E-03   1.00597E-03   1.57735E-12   1.56798E-09
     7     3   1.01121E-03   1.01121E-03  -4.25884E-11  -4.21164E-08
     7     4   1.01643E-03   1.01643E-03   4.25884E-11   4.18999E-08
     7     5   1.02154E-03   1.02154E-03  -1.57735E-12  -1.54409E-09
     7     6   1.01283E-03   1.01283E-03  -6.70055E-12  -6.61570E-09
     7     7   1.02276E-03   1.02276E-03  -1.80915E-10  -1.76889E-07
     7     8   1.02767E-03   1.02767E-03   6.70055E-12   6.52016E-09
     7     9   1.02553E-03   1.02553E-03   1.32490E-12   1.29192E-09
     7    10   1.03000E-03   1.03000E-03  -3.57724E-11  -3.47305E-08
     7    11   1.03460E-03   1.03460E-03   3.57724E-11   3.45761E-08
     7    12   1.03915E-03   1.03915E-03  -1.32490E-12  -1.27499E-09
 *******************************
     8     1   3.38721E-04   3.38721E-04   5.94451E-11   1.75499E-07
     8     2   3.36527E-04   3.36527E-04   5.18286E-13   1.54010E-09
     8     3   3.37364E-04   3.37364E-04  -1.39937E-11  -4.14795E-08
     8     4   3.38227E-04   3.38227E-04   1.39937E-11   4.13737E-08
     8     5   3.39075E-04   3.39075E-04  -5.18286E-13  -1.52853E-09
     8     6   3.37956E-04   3.37956E-04  -2.20167E-12  -6.51467E-09
     8     7   3.39535E-04   3.39535E-04  -5.94451E-11  -1.75078E-07
     8     8   3.40343E-04   3.40343E-04   2.20167E-12   6.46897E-09
     8     9   3.40598E-04   3.40598E-04   4.35338E-13   1.27815E-09
     8    10   3.41254E-04   3.41254E-04  -1.17541E-11  -3.44438E-08
     8    11   3.41982E-04   3.41982E-04   1.17541E-11   3.43706E-08
     8    12   3.42715E-04   3.42715E-04  -4.35338E-13  -1.27026E-09
 *******************************
     9     1   1.24908E-02   1.24908E-02   1.88805E-10   1.51156E-08
     9     2   1.24907E-02   1.24907E-02  -1.26142E-12  -1.00988E-10
     9     3   1.24907E-02   1.24907E-02   1.43258E-11   1.14691E-09
     9     4   1.24908E-02   1.24908E-02  -1.29802E-11  -1.03919E-09
     9     5   1.24908E-02   1.24908E-02  -1.97621E-13  -1.58214E-11
     9     6   1.24907E-02   1.24907E-02   2.19535E-10   1.75758E-08
     9     7   1.24908E-02   1.24908E-02   2.16190E-10   1.73079E-08
     9     8   1.24908E-02   1.24908E-02   2.02973E-10   1.62499E-08
     9     9   1.24908E-02   1.24908E-02  -5.89589E-13  -4.72020E-11
     9    10   1.24908E-02   1.24908E-02  -2.04075E-12  -1.63381E-10
     9    11   1.24908E-02   1.24908E-02   3.06173E-12   2.45119E-10
     9    12   1.24908E-02   1.24908E-02  -7.30999E-13  -5.85230E-11
 *******************************
    10     1   3.16543E-02   3.16543E-02   3.46262E-09   1.09389E-07
    10     2   3.16707E-02   3.16707E-02   1.77204E-11   5.59520E-10
    10     3   3.16621E-02   3.16621E-02  -6.80055E-10  -2.14785E-08
    10     4   3.16537E-02   3.16537E-02   7.49630E-11   2.36822E-09
    10     5   3.16456E-02   3.16456E-02  -1.02435E-11  -3.23694E-10
    10     6   3.16627E-02   3.16627E-02  -8.74708E-11  -2.76259E-09
    10     7   3.16462E-02   3.16462E-02  -7.78976E-11  -2.46152E-09
    10     8   3.16383E-02   3.16383E-02   4.37271E-11   1.38209E-09
    10     9   3.16478E-02   3.16478E-02   1.48986E-11   4.70765E-10
    10    10   3.16398E-02   3.16398E-02  -5.68951E-10  -1.79821E-08
    10    11   3.16320E-02   3.16320E-02   6.86370E-11   2.16986E-09
    10    12   3.16245E-02   3.16245E-02  -8.71592E-12  -2.75607E-10
 *******************************
    11     1   1.10177E-01   1.10177E-01  -1.31301E-08  -1.19172E-07
    11     2   1.10101E-01   1.10101E-01  -7.49245E-11  -6.80506E-10
    11     3   1.10141E-01   1.10141E-01   2.67516E-09   2.42885E-08
    11     4   1.10180E-01   1.10180E-01  -7.18312E-10  -6.51944E-09
    11     5   1.10218E-01   1.10218E-01   5.07598E-11   4.60541E-10
    11     6   1.10138E-01   1.10138E-01   3.52046E-10   3.19639E-09
    11     7   1.10215E-01   1.10215E-01   2.17959E-09   1.97758E-08
    11     8   1.10252E-01   1.10252E-01  -2.15044E-10  -1.95048E-09
    11     9   1.10208E-01   1.10208E-01  -6.30705E-11  -5.72287E-10
    11    10   1.10245E-01   1.10245E-01   2.24216E-09   2.03380E-08
    11    11   1.10281E-01   1.10281E-01  -6.24159E-10  -5.65973E-09
    11    12   1.10316E-01   1.10316E-01   4.30897E-11   3.90604E-10
 *******************************
    12     1   3.20597E-01   3.20597E-01  -4.71014E-08  -1.46918E-07
    12     2   3.20263E-01   3.20263E-01  -3.12229E-10  -9.74916E-10
    12     3   3.20439E-01   3.20439E-01   1.00945E-08   3.15021E-08
    12     4   3.20608E-01   3.20608E-01  -5.10150E-09  -1.59119E-08
    12     5   3.20774E-01   3.20774E-01   2.50585E-10   7.81189E-10
    12     6   3.20426E-01   3.20426E-01   1.39987E-09   4.36877E-09
    12     7   3.20761E-01   3.20761E-01   1.91571E-08   5.97238E-08
    12     8   3.20921E-01   3.20921E-01  -1.05418E-09  -3.28485E-09
    12     9   3.20729E-01   3.20729E-01  -2.62728E-10  -8.19159E-10
    12    10   3.20891E-01   3.20891E-01   8.46976E-09   2.63945E-08
    12    11   3.21046E-01   3.21046E-01  -4.34137E-09  -1.35226E-08
    12    12   3.21197E-01   3.21197E-01   2.11758E-10   6.59276E-10
 *******************************
    13     1   1.34567E+00   1.34567E+00   1.61629E-07   1.20111E-07
    13     2   1.34636E+00   1.34636E+00   9.04247E-10   6.71621E-10
    13     3   1.34600E+00   1.34600E+00  -3.28506E-08  -2.44062E-08
    13     4   1.34564E+00   1.34564E+00   7.54048E-09   5.60363E-09
    13     5   1.34530E+00   1.34530E+00  -5.91724E-10  -4.39844E-10
    13     6   1.34602E+00   1.34602E+00  -4.24588E-09  -3.15439E-09
    13     7   1.34533E+00   1.34533E+00  -1.99870E-08  -1.48566E-08
    13     8   1.34500E+00   1.34500E+00   2.48148E-09   1.84496E-09
    13     9   1.34539E+00   1.34539E+00   7.62401E-10   5.66675E-10
    13    10   1.34506E+00   1.34506E+00  -2.75600E-08  -2.04897E-08
    13    11   1.34475E+00   1.34475E+00   6.63254E-09   4.93218E-09
    13    12   1.34445E+00   1.34445E+00  -5.03992E-10  -3.74869E-10
 *******************************
    14     1   8.88723E+00   8.88723E+00  -1.61541E-06  -1.81767E-07
    14     2   8.86500E+00   8.86500E+00  -1.37110E-08  -1.54664E-09
    14     3   8.87672E+00   8.87672E+00   3.76859E-07   4.24548E-08
    14     4   8.88801E+00   8.88801E+00  -3.56868E-07  -4.01517E-08
    14     5   8.89894E+00   8.89894E+00   1.34641E-08   1.51301E-09
    14     6   8.87591E+00   8.87591E+00   5.84485E-08   6.58507E-09
    14     7   8.89813E+00   8.89813E+00   1.50352E-06   1.68970E-07
    14     8   8.90868E+00   8.90868E+00  -5.70672E-08  -6.40580E-09
    14     9   8.89601E+00   8.89601E+00  -1.15171E-08  -1.29463E-09
    14    10   8.90665E+00   8.90665E+00   3.16471E-07   3.55319E-08
    14    11   8.91688E+00   8.91688E+00  -2.99941E-07  -3.36375E-08
    14    12   8.92678E+00   8.92678E+00   1.13130E-08   1.26731E-09
 *******************************
 -------------------------------
     1     1     1     1    15    15   1.60242E+00   1.60242E+00  -2.79743E-07  -1.74576E-07
     1     1     1     2    15    15   1.63407E+00   1.63407E+00  -2.43901E-09  -1.49259E-09
     1     1     1     3    15    15   1.62832E+00   1.62832E+00   6.58532E-08   4.04425E-08
     1     1     1     4    15    15   1.62240E+00   1.62240E+00  -6.58532E-08  -4.05900E-08
     1     1     1     5    15    15   1.61647E+00   1.61647E+00   2.43900E-09   1.50885E-09
     1     1     1     6    15    15   1.60795E+00   1.60795E+00   1.03609E-08   6.44354E-09
     1     1     1     7    15    15   1.59669E+00   1.59669E+00   2.79743E-07   1.75202E-07
     1     1     1     8    15    15   1.59094E+00   1.59094E+00  -1.03609E-08  -6.51240E-09
     1     1     1     9    15    15   1.55868E+00   1.55868E+00  -2.04866E-09  -1.31435E-09
     1     1     1    10    15    15   1.55353E+00   1.55353E+00   5.53138E-08   3.56053E-08
     1     1     1    11    15    15   1.54817E+00   1.54817E+00  -5.53138E-08  -3.57285E-08
     1     1     1    12    15    15   1.54277E+00   1.54277E+00   2.04866E-09   1.32791E-09
     1     1     2     1    16    16   4.81247E+01   4.81247E+01  -8.56078E-06  -1.77888E-07
     1     1     2     2    16    16   4.48460E+01   4.48460E+01  -7.46392E-08  -1.66434E-09
     1     1     2     3    16    16   5.09982E+01   5.09982E+01   2.01526E-06   3.95162E-08
     1     1     2     4    16    16   5.43119E+01   5.43119E+01  -2.01526E-06  -3.71053E-08
     1     1     2     5    16    16   5.62971E+01   5.62971E+01   7.46391E-08   1.32581E-09
     1     1     2     6    16    16   4.22632E+01   4.22632E+01   3.17066E-07   7.50218E-09
     1     1     2     7    16    16   5.14982E+01   5.14982E+01   8.56078E-06   1.66235E-07
     1     1     2     8    16    16   5.36031E+01   5.36031E+01  -3.17066E-07  -5.91506E-09
     1     1     2     9    16    16   3.82297E+01   3.82297E+01  -6.26936E-08  -1.63992E-09
     1     1     2    10    16    16   4.37691E+01   4.37691E+01   1.69273E-06   3.86741E-08
     1     1     2    11    16    16   4.71813E+01   4.71813E+01  -1.69273E-06  -3.58771E-08
     1     1     2    12    16    16   4.94248E+01   4.94248E+01   6.26937E-08   1.26847E-09
     1     2     1     1    17    17   6.32192E-02   6.32192E-02  -7.18676E-09  -1.13680E-07
     1     2     1     2    17    17   6.31801E-02   6.31801E-02  -3.80817E-11  -6.02748E-10
     1     2     1     3    17    17   6.32006E-02   6.32006E-02   1.41887E-09   2.24503E-08
     1     2     1     4    17    17   6.32207E-02   6.32207E-02  -2.46206E-10  -3.89439E-09
     1     2     1     5    17    17   6.32403E-02   6.32403E-02   2.35883E-11   3.72995E-10
     1     2     1     6    17    17   6.31991E-02   6.31991E-02   1.87651E-10   2.96921E-09
     1     2     1     7    17    17   6.32388E-02   6.32388E-02   6.28112E-10   9.93239E-09
     1     2     1     8    17    17   6.32579E-02   6.32579E-02  -1.01920E-10  -1.61119E-09
     1     2     1     9    17    17   6.32348E-02   6.32348E-02  -3.19930E-11  -5.05940E-10
     1     2     1    10    17    17   6.32541E-02   6.32541E-02   1.18681E-09   1.87626E-08
     1     2     1    11    17    17   6.32729E-02   6.32729E-02  -2.17205E-10  -3.43282E-09
     1     2     1    12    17    17   6.32913E-02   6.32913E-02   2.00080E-11   3.16125E-10
     2     4     1     1    19    18   2.21784E+02   2.21784E+02  -3.85357E-05  -1.73753E-07
     2     4     1     2    19    18   2.27313E+02   2.27313E+02  -3.35982E-07  -1.47806E-09
     2     4     1     3    19    18   2.25821E+02   2.25821E+02   9.07151E-06   4.01713E-08
     2     4     1     4    19    18   2.24318E+02   2.24318E+02  -9.07151E-06  -4.04404E-08
     2     4     1     5    19    18   2.22824E+02   2.22824E+02   3.35982E-07   1.50784E-09
     2     4     1     6    19    18   2.23233E+02   2.23233E+02   1.42725E-06   6.39353E-09
     2     4     1     7    19    18   2.20318E+02   2.20318E+02   3.85357E-05   1.74909E-07
     2     4     1     8    19    18   2.18861E+02   2.18861E+02  -1.42725E-06  -6.52124E-09
     2     4     1     9    19    18   2.15242E+02   2.15242E+02  -2.82210E-07  -1.31113E-09
     2     4     1    10    19    18   2.13871E+02   2.13871E+02   7.61968E-06   3.56274E-08
     2     4     1    11    19    18   2.12484E+02   2.12484E+02  -7.61968E-06  -3.58599E-08
     2     4     1    12    19    18   2.11102E+02   2.11102E+02   2.82210E-07   1.33684E-09
     2     4     2     1    20    19   1.78049E+06   1.78049E+06  -3.14063E-01  -1.76392E-07
     2     4     2     2    20    19   1.69009E+06   1.69009E+06  -2.73823E-03  -1.62017E-09
     2     4     2     3    20    19   1.91103E+06   1.91103E+06   7.39321E-02   3.86870E-08
     2     4     2     4    20    19   2.02387E+06   2.02387E+06  -7.39321E-02  -3.65301E-08
     2     4     2     5    20    19   2.08635E+06   2.08635E+06   2.73823E-03   1.31245E-09
     2     4     2     6    20    19   1.57246E+06   1.57246E+06   1.16320E-02   7.39732E-09
     2     4     2     7    20    19   1.89482E+06   1.89482E+06   3.14063E-01   1.65748E-07
     2     4     2     8    20    19   1.96161E+06   1.96161E+06  -1.16320E-02  -5.92981E-09
     2     4     2     9    20    19   1.39529E+06   1.39529E+06  -2.29999E-03  -1.64840E-09
     2     4     2    10    20    19   1.58869E+06   1.58869E+06   6.20998E-02   3.90886E-08
     2     4     2    11    20    19   1.70336E+06   1.70336E+06  -6.20998E-02  -3.64572E-08
     2     4     2    12    20    19   1.77496E+06   1.77496E+06   2.29999E-03   1.29580E-09
     2     5     1     1    21    20   2.43506E-03   2.43506E-03   4.26877E-10   1.75305E-07
     2     5     1     2    21    20   2.44929E-03   2.44929E-03   3.72005E-12   1.51883E-09
     2     5     1     3    21    20   2.44182E-03   2.44182E-03  -1.00474E-10  -4.11470E-08
     2     5     1     4    21    20   2.43452E-03   2.43452E-03   1.00377E-10   4.12305E-08
     2     5     1     5    21    20   2.42736E-03   2.42736E-03  -3.71885E-12  -1.53205E-09
     2     5     1     6    21    20   2.44236E-03   2.44236E-03  -1.58036E-11  -6.47060E-09
     2     5     1     7    21    20   2.42792E-03   2.42792E-03  -4.26334E-10  -1.75596E-07
     2     5     1     8    21    20   2.42093E-03   2.42093E-03   1.57968E-11   6.52511E-09
     2     5     1     9    21    20   2.42936E-03   2.42936E-03   3.12467E-12   1.28621E-09
     2     5     1    10    21    20   2.42233E-03   2.42233E-03  -8.43929E-11  -3.48396E-08
     2     5     1    11    21    20   2.41547E-03   2.41547E-03   8.43126E-11   3.49052E-08
     2     5     1    12    21    20   2.40876E-03   2.40876E-03  -3.12368E-12  -1.29680E-09
     3     7     1     1    23    21   7.69725E+01   7.69725E+01  -1.33987E-05  -1.74072E-07
     3     7     1     2    23    21   7.83292E+01   7.83292E+01  -1.16820E-07  -1.49140E-09
     3     7     1     3    23    21   7.81617E+01   7.81617E+01   3.15414E-06   4.03540E-08
     3     7     1     4    23    21   7.79851E+01   7.79851E+01  -3.15414E-06  -4.04454E-08
     3     7     1     5    23    21   7.78063E+01   7.78063E+01   1.16820E-07   1.50142E-09
     3     7     1     6    23    21   7.71311E+01   7.71311E+01   4.96249E-07   6.43385E-09
     3     7     1     7    23    21   7.68028E+01   7.68028E+01   1.33987E-05   1.74456E-07
     3     7     1     8    23    21   7.66308E+01   7.66308E+01  -4.96249E-07  -6.47584E-09
     3     7     1     9    23    21   7.49074E+01   7.49074E+01  -9.81237E-08  -1.30993E-09
     3     7     1    10    23    21   7.47621E+01   7.47621E+01   2.64934E-06   3.54369E-08
     3     7     1    11    23    21   7.46059E+01   7.46059E+01  -2.64934E-06  -3.55111E-08
     3     7     1    12    23    21   7.44461E+01   7.44461E+01   9.81236E-08   1.31805E-09
     3     7     2     1    24    22   8.43449E+02   8.43449E+02  -1.50027E-04  -1.77874E-07
     3     7     2     2    24    22   7.85920E+02   7.85920E+02  -1.30805E-06  -1.66435E-09
     3     7     2     3    24    22   8.93757E+02   8.93757E+02   3.53173E-05   3.95156E-08
     3     7     2     4    24    22   9.51850E+02   9.51850E+02  -3.53173E-05  -3.71039E-08
     3     7     2     5    24    22   9.86663E+02   9.86663E+02   1.30805E-06   1.32573E-09
     3     7     2     6    24    22   7.40703E+02   7.40703E+02   5.55657E-06   7.50175E-09
     3     7     2     7    24    22   9.02594E+02   9.02594E+02   1.50027E-04   1.66218E-07
     3     7     2     8    24    22   9.39506E+02   9.39506E+02  -5.55657E-06  -5.91436E-09
     3     7     2     9    24    22   6.70069E+02   6.70069E+02  -1.09870E-06  -1.63969E-09
     3     7     2    10    24    22   7.67174E+02   7.67174E+02   2.96650E-05   3.86679E-08
     3     7     2    11    24    22   8.26998E+02   8.26998E+02  -2.96650E-05  -3.58707E-08
     3     7     2    12    24    22   8.66339E+02   8.66339E+02   1.09870E-06   1.26821E-09
     3     8     1     1    25    23   1.11419E-02   1.11419E-02  -1.99963E-09  -1.79469E-07
     3     8     1     2    25    23   1.11081E-02   1.11081E-02  -1.70397E-11  -1.53398E-09
     3     8     1     3    25    23   1.11259E-02   1.11259E-02   4.67052E-10   4.19789E-08
     3     8     1     4    25    23   1.11432E-02   1.11432E-02  -4.46111E-10  -4.00344E-08
     3     8     1     5    25    23   1.11602E-02   1.11602E-02   1.67811E-11   1.50366E-09
     3     8     1     6    25    23   1.11246E-02   1.11246E-02   7.26134E-11   6.52729E-09
     3     8     1     7    25    23   1.11588E-02   1.11588E-02   1.88243E-09   1.68694E-07
     3     8     1     8    25    23   1.11754E-02   1.11754E-02  -7.11664E-11  -6.36811E-09
     3     8     1     9    25    23   1.11554E-02   1.11554E-02  -1.43136E-11  -1.28311E-09
     3     8     1    10    25    23   1.11721E-02   1.11721E-02   3.92239E-10   3.51087E-08
     3     8     1    11    25    23   1.11884E-02   1.11884E-02  -3.74925E-10  -3.35101E-08
     3     8     1    12    25    23   1.12043E-02   1.12043E-02   1.40999E-11   1.25843E-09
     4    10     1     1    27    24   1.75010E+02   1.75009E+02  -3.05121E-05  -1.74345E-07
     4    10     1     2    27    24   1.78718E+02   1.78718E+02  -2.66027E-07  -1.48853E-09
     4    10     1     3    27    24   1.77889E+02   1.77889E+02   7.18272E-06   4.03776E-08
     4    10     1     4    27    24   1.77045E+02   1.77045E+02  -7.18272E-06  -4.05699E-08
     4    10     1     5    27    24   1.76204E+02   1.76204E+02   2.66027E-07   1.50977E-09
     4    10     1     6    27    24   1.75809E+02   1.75809E+02   1.13008E-06   6.42785E-09
     4    10     1     7    27    24   1.74191E+02   1.74191E+02   3.05121E-05   1.75165E-07
     4    10     1     8    27    24   1.73374E+02   1.73374E+02  -1.13008E-06  -6.51816E-09
     4    10     1     9    27    24   1.70233E+02   1.70233E+02  -2.23451E-07  -1.31262E-09
     4    10     1    10    27    24   1.69482E+02   1.69482E+02   6.03317E-06   3.55977E-08
     4    10     1    11    27    24   1.68713E+02   1.68713E+02  -6.03317E-06  -3.57599E-08
     4    10     1    12    27    24   1.67942E+02   1.67942E+02   2.23451E-07   1.33052E-09
     4    10     2     1    28    25   5.39384E+04   5.39384E+04  -9.48122E-03  -1.75779E-07
     4    10     2     2    28    25   5.06684E+04   5.06684E+04  -8.26642E-05  -1.63147E-09
     4    10     2     3    28    25   5.73813E+04   5.73813E+04   2.23193E-03   3.88966E-08
     4    10     2     4    28    25   6.08615E+04   6.08615E+04  -2.23193E-03  -3.66723E-08
     4    10     2     5    28    25   6.28330E+04   6.28330E+04   8.26642E-05   1.31562E-09
     4    10     2     6    28    25   4.75715E+04   4.75715E+04   3.51156E-04   7.38165E-09
     4    10     2     7    28    25   5.74784E+04   5.74784E+04   9.48122E-03   1.64953E-07
     4    10     2     8    28    25   5.95813E+04   5.95813E+04  -3.51156E-04  -5.89374E-09
     4    10     2     9    28    25   4.26267E+04   4.26267E+04  -6.94343E-05  -1.62889E-09
     4    10     2    10    28    25   4.85914E+04   4.85914E+04   1.87473E-03   3.85815E-08
     4    10     2    11    28    25   5.21575E+04   5.21575E+04  -1.87473E-03  -3.59436E-08
     4    10     2    12    28    25   5.44097E+04   5.44097E+04   6.94343E-05   1.27614E-09
     4    11     1     1    29    26   7.00260E-14   7.00260E-14  -1.28231E-20  -1.28231E-20
     4    11     1     2    29    26   6.26886E-14   6.26886E-14  -1.11802E-22  -1.11802E-22
     4    11     1     3    29    26   6.63172E-14   6.63172E-14   3.01864E-21   3.01864E-21
     4    11     1     4    29    26   6.98619E-14   6.98619E-14  -3.01864E-21  -3.01864E-21
     4    11     1     5    29    26   7.33379E-14   7.33379E-14   1.11802E-22   1.11802E-22
     4    11     1     6    29    26   6.64557E-14   6.64557E-14   4.74931E-22   4.74931E-22
     4    11     1     7    29    26   7.35107E-14   7.35107E-14   1.28231E-20   1.28231E-20
     4    11     1     8    29    26   7.69262E-14   7.69262E-14  -4.74931E-22  -4.74931E-22
     4    11     1     9    29    26   7.36156E-14   7.36156E-14  -9.39084E-23  -9.39084E-23
     4    11     1    10    29    26   7.70897E-14   7.70897E-14   2.53553E-21   2.53553E-21
     4    11     1    11    29    26   8.04728E-14   8.04728E-14  -2.53553E-21  -2.53553E-21
     4    11     1    12    29    26   8.37857E-14   8.37857E-14   9.39084E-23   9.39084E-23
