     1     1   6.50908E-08   6.50908E-08   1.14038E-14   1.75199E-07
     1     2   6.58421E-08   6.58421E-08   9.94268E-17   1.51008E-09
     1     3   6.52264E-08   6.52264E-08  -2.68452E-15  -4.11570E-08
     1     4   6.46615E-08   6.46615E-08   2.68452E-15   4.15166E-08
     1     5   6.41172E-08   6.41172E-08  -9.94269E-17  -1.55071E-09
     1     6   6.57266E-08   6.57266E-08  -4.22364E-16  -6.42607E-09
     1     7   6.45169E-08   6.45169E-08  -1.14038E-14  -1.76757E-07
     1     8   6.39704E-08   6.39704E-08   4.22364E-16   6.60249E-09
     1     9   6.54205E-08   6.54205E-08   8.35143E-17   1.27658E-09
     1    10   6.47412E-08   6.47412E-08  -2.25488E-15  -3.48292E-08
     1    11   6.41515E-08   6.41515E-08   2.25488E-15   3.51493E-08
     1    12   6.35981E-08   6.35981E-08  -8.35143E-17  -1.31316E-09
 *******************************
     2     1   2.58239E-06   2.58239E-06   4.53172E-13   1.75486E-07
     2     2   2.69564E-06   2.69564E-06   3.95109E-15   1.46573E-09
     2     3   2.62635E-06   2.62635E-06  -1.06679E-13  -4.06189E-08
     2     4   2.57725E-06   2.57725E-06   1.06679E-13   4.13927E-08
     2     5   2.53865E-06   2.53865E-06  -3.95109E-15  -1.55638E-09
     2     6   2.64763E-06   2.64763E-06  -1.67842E-14  -6.33931E-09
     2     7   2.53537E-06   2.53537E-06  -4.53173E-13  -1.78740E-07
     2     8   2.49800E-06   2.49800E-06   1.67842E-14   6.71905E-09
     2     9   2.59843E-06   2.59843E-06   3.31874E-15   1.27721E-09
     2    10   2.53789E-06   2.53789E-06  -8.96060E-14  -3.53072E-08
     2    11   2.49242E-06   2.49242E-06   8.96060E-14   3.59514E-08
     2    12   2.45588E-06   2.45588E-06  -3.31874E-15  -1.35134E-09
 *******************************
     3     1   1.96842E-04   1.96842E-04   3.46269E-11   1.75912E-07
     3     2   1.98700E-04   1.98700E-04   3.01902E-13   1.51939E-09
     3     3   1.97383E-04   1.97383E-04  -8.15137E-12  -4.12972E-08
     3     4   1.96245E-04   1.96245E-04   8.15137E-12   4.15366E-08
     3     5   1.95181E-04   1.95181E-04  -3.01903E-13  -1.54678E-09
     3     6   1.98193E-04   1.98193E-04  -1.28248E-12  -6.47085E-09
     3     7   1.95694E-04   1.95694E-04  -3.46269E-11  -1.76944E-07
     3     8   1.94635E-04   1.94635E-04   1.28248E-12   6.58915E-09
     3     9   1.97270E-04   1.97270E-04   2.53585E-13   1.28547E-09
     3    10   1.95837E-04   1.95837E-04  -6.84679E-12  -3.49617E-08
     3    11   1.94668E-04   1.94668E-04   6.84679E-12   3.51717E-08
     3    12   1.93607E-04   1.93607E-04  -2.53585E-13  -1.30980E-09
 *******************************
     4     1   1.08492E-03   1.08492E-03   1.89789E-10   1.74933E-07
     4     2   1.08806E-03   1.08806E-03   1.65472E-12   1.52080E-09
     4     3   1.08512E-03   1.08512E-03  -4.46774E-11  -4.11728E-08
     4     4   1.08265E-03   1.08265E-03   4.46774E-11   4.12667E-08
     4     5   1.08034E-03   1.08034E-03  -1.65472E-12  -1.53167E-09
     4     6   1.08802E-03   1.08802E-03  -7.02922E-12  -6.46054E-09
     4     7   1.08237E-03   1.08237E-03  -1.89789E-10  -1.75345E-07
     4     8   1.08004E-03   1.08004E-03   7.02923E-12   6.50831E-09
     4     9   1.08805E-03   1.08805E-03   1.38989E-12   1.27742E-09
     4    10   1.08456E-03   1.08456E-03  -3.75271E-11  -3.46011E-08
     4    11   1.08187E-03   1.08187E-03   3.75271E-11   3.46873E-08
     4    12   1.07946E-03   1.07946E-03  -1.38989E-12  -1.28758E-09
 *******************************
     5     1   1.06861E-03   1.06861E-03   1.89180E-10   1.77033E-07
     5     2   1.06992E-03   1.06992E-03   1.64941E-12   1.54162E-09
     5     3   1.06809E-03   1.06809E-03  -4.45340E-11  -4.16950E-08
     5     4   1.06660E-03   1.06660E-03   4.45340E-11   4.17533E-08
     5     5   1.06519E-03   1.06519E-03  -1.64941E-12  -1.54846E-09
     5     6   1.07060E-03   1.07060E-03  -7.00666E-12  -6.54462E-09
     5     7   1.06704E-03   1.06704E-03  -1.89180E-10  -1.77295E-07
     5     8   1.06560E-03   1.06560E-03   7.00666E-12   6.57532E-09
     5     9   1.07194E-03   1.07194E-03   1.38543E-12   1.29244E-09
     5    10   1.06960E-03   1.06960E-03  -3.74066E-11  -3.49726E-08
     5    11   1.06787E-03   1.06787E-03   3.74066E-11   3.50292E-08
     5    12   1.06634E-03   1.06634E-03  -1.38543E-12  -1.29924E-09
 *******************************
     6     1   3.13715E-03   3.13715E-03   5.54881E-10   1.76874E-07
     6     2   3.13030E-03   3.13030E-03   4.83785E-12   1.54549E-09
     6     3   3.13158E-03   3.13158E-03  -1.30622E-10  -4.17113E-08
     6     4   3.13304E-03   3.13304E-03   1.30622E-10   4.16918E-08
     6     5   3.13438E-03   3.13438E-03  -4.83785E-12  -1.54348E-09
     6     6   3.13625E-03   3.13625E-03  -2.05511E-11  -6.55278E-09
     6     7   3.13834E-03   3.13834E-03  -5.54881E-10  -1.76807E-07
     6     8   3.13954E-03   3.13954E-03   2.05511E-11   6.54591E-09
     6     9   3.14754E-03   3.14754E-03   4.06359E-12   1.29104E-09
     6    10   3.14754E-03   3.14754E-03  -1.09717E-10  -3.48580E-08
     6    11   3.14830E-03   3.14830E-03   1.09717E-10   3.48496E-08
     6    12   3.14915E-03   3.14915E-03  -4.06359E-12  -1.29037E-09
 *******************************
     7     1   1.01392E-03   1.01392E-03  -1.79237E-10  -1.76777E-07
     7     2   1.00103E-03   1.00103E-03  -1.56272E-12  -1.56111E-09
     7     3   1.00786E-03   1.00786E-03   4.21934E-11   4.18642E-08
     7     4   1.01399E-03   1.01399E-03  -4.21934E-11  -4.16113E-08
     7     5   1.01970E-03   1.01970E-03   1.56272E-12   1.53253E-09
     7     6   1.00717E-03   1.00717E-03   6.63841E-12   6.59117E-09
     7     7   1.01992E-03   1.01992E-03   1.79237E-10   1.75737E-07
     7     8   1.02551E-03   1.02551E-03  -6.63841E-12  -6.47327E-09
     7     9   1.01863E-03   1.01863E-03  -1.31262E-12  -1.28862E-09
     7    10   1.02518E-03   1.02518E-03   3.54407E-11   3.45703E-08
     7    11   1.03100E-03   1.03100E-03  -3.54407E-11  -3.43752E-08
     7    12   1.03638E-03   1.03638E-03   1.31262E-12   1.26654E-09
 *******************************
     8     1   3.37840E-04   3.37839E-04  -5.99766E-11  -1.77530E-07
     8     2   3.35458E-04   3.35458E-04  -5.22920E-13  -1.55882E-09
     8     3   3.36587E-04   3.36587E-04   1.41188E-11   4.19471E-08
     8     4   3.37617E-04   3.37617E-04  -1.41188E-11  -4.18191E-08
     8     5   3.38577E-04   3.38577E-04   5.22920E-13   1.54446E-09
     8     6   3.36745E-04   3.36745E-04   2.22136E-12   6.59655E-09
     8     7   3.38835E-04   3.38836E-04   5.99766E-11   1.77008E-07
     8     8   3.39769E-04   3.39769E-04  -2.22136E-12  -6.53783E-09
     8     9   3.39157E-04   3.39157E-04  -4.39230E-13  -1.29506E-09
     8    10   3.40172E-04   3.40172E-04   1.18592E-11   3.48624E-08
     8    11   3.41117E-04   3.41116E-04  -1.18592E-11  -3.47658E-08
     8    12   3.41999E-04   3.41999E-04   4.39230E-13   1.28430E-09
 *******************************
     9     1   1.24908E-02   1.24908E-02  -1.22201E-10  -9.78335E-09
     9     2   1.24907E-02   1.24907E-02   5.94743E-13   4.76148E-11
     9     3   1.24907E-02   1.24907E-02  -8.94609E-12  -7.16217E-10
     9     4   1.24908E-02   1.24908E-02   8.21989E-11   6.58078E-09
     9     5   1.24908E-02   1.24908E-02  -2.81886E-12  -2.25675E-10
     9     6   1.24907E-02   1.24907E-02   1.93984E-10   1.55302E-08
     9     7   1.24908E-02   1.24908E-02   8.12168E-11   6.50215E-09
     9     8   1.24908E-02   1.24908E-02   1.97670E-10   1.58253E-08
     9     9   1.24908E-02   1.24908E-02   1.15880E-12   9.27727E-11
     9    10   1.24908E-02   1.24908E-02  -2.67923E-11  -2.14497E-09
     9    11   1.24908E-02   1.24908E-02   8.73563E-11   6.99366E-09
     9    12   1.24908E-02   1.24908E-02  -3.10325E-12  -2.48443E-10
 *******************************
    10     1   3.16580E-02   3.16581E-02   5.61056E-09   1.77224E-07
    10     2   3.16761E-02   3.16761E-02   4.89167E-11   1.54428E-09
    10     3   3.16652E-02   3.16652E-02  -1.32076E-09  -4.17100E-08
    10     4   3.16556E-02   3.16556E-02   1.32074E-09   4.17223E-08
    10     5   3.16466E-02   3.16466E-02  -4.89166E-11  -1.54572E-09
    10     6   3.16690E-02   3.16690E-02  -2.07798E-10  -6.56155E-09
    10     7   3.16485E-02   3.16485E-02  -5.61050E-09  -1.77275E-07
    10     8   3.16396E-02   3.16396E-02   2.07797E-10   6.56763E-09
    10     9   3.16558E-02   3.16558E-02   4.10879E-11   1.29796E-09
    10    10   3.16447E-02   3.16447E-02  -1.10938E-09  -3.50573E-08
    10    11   3.16352E-02   3.16352E-02   1.10937E-09   3.50676E-08
    10    12   3.16264E-02   3.16264E-02  -4.10879E-11  -1.29916E-09
 *******************************
    11     1   1.10160E-01   1.10160E-01  -1.94866E-08  -1.76893E-07
    11     2   1.10076E-01   1.10076E-01  -1.69898E-10  -1.54346E-09
    11     3   1.10126E-01   1.10126E-01   4.58724E-09   4.16543E-08
    11     4   1.10171E-01   1.10171E-01  -4.58724E-09  -4.16373E-08
    11     5   1.10213E-01   1.10213E-01   1.69898E-10   1.54154E-09
    11     6   1.10109E-01   1.10109E-01   7.21724E-10   6.55463E-09
    11     7   1.10204E-01   1.10204E-01   1.94865E-08   1.76822E-07
    11     8   1.10246E-01   1.10246E-01  -7.21723E-10  -6.54649E-09
    11     9   1.10170E-01   1.10170E-01  -1.42707E-10  -1.29533E-09
    11    10   1.10222E-01   1.10222E-01   3.85309E-09   3.49575E-08
    11    11   1.10266E-01   1.10266E-01  -3.85308E-09  -3.49435E-08
    11    12   1.10307E-01   1.10307E-01   1.42707E-10   1.29373E-09
 *******************************
    12     1   3.20520E-01   3.20520E-01  -5.67116E-08  -1.76936E-07
    12     2   3.20151E-01   3.20151E-01  -4.94453E-10  -1.54443E-09
    12     3   3.20374E-01   3.20374E-01   1.33502E-08   4.16707E-08
    12     4   3.20570E-01   3.20570E-01  -1.33502E-08  -4.16453E-08
    12     5   3.20753E-01   3.20753E-01   4.94453E-10   1.54154E-09
    12     6   3.20297E-01   3.20297E-01   2.10043E-09   6.55775E-09
    12     7   3.20715E-01   3.20715E-01   5.67116E-08   1.76829E-07
    12     8   3.20895E-01   3.20895E-01  -2.10043E-09  -6.54554E-09
    12     9   3.20565E-01   3.20565E-01  -4.15319E-10  -1.29558E-09
    12    10   3.20791E-01   3.20791E-01   1.12136E-08   3.49561E-08
    12    11   3.20983E-01   3.20983E-01  -1.12136E-08  -3.49352E-08
    12    12   3.21159E-01   3.21159E-01   4.15319E-10   1.29319E-09
 *******************************
    13     1   1.34583E+00   1.34583E+00   2.35600E-07   1.75060E-07
    13     2   1.34660E+00   1.34660E+00   2.05413E-09   1.52542E-09
    13     3   1.34613E+00   1.34613E+00  -5.54616E-08  -4.12008E-08
    13     4   1.34572E+00   1.34572E+00   5.54613E-08   4.12130E-08
    13     5   1.34535E+00   1.34535E+00  -2.05413E-09  -1.52684E-09
    13     6   1.34629E+00   1.34629E+00  -8.72592E-09  -6.48144E-09
    13     7   1.34542E+00   1.34542E+00  -2.35599E-07  -1.75111E-07
    13     8   1.34506E+00   1.34506E+00   8.72590E-09   6.48738E-09
    13     9   1.34573E+00   1.34573E+00   1.72538E-09   1.28211E-09
    13    10   1.34527E+00   1.34527E+00  -4.65853E-08  -3.46291E-08
    13    11   1.34488E+00   1.34488E+00   4.65851E-08   3.46389E-08
    13    12   1.34452E+00   1.34452E+00  -1.72538E-09  -1.28326E-09
 *******************************
    14     1   8.88217E+00   8.88217E+00  -1.56467E-06  -1.76158E-07
    14     2   8.85753E+00   8.85753E+00  -1.36419E-08  -1.54015E-09
    14     3   8.87242E+00   8.87242E+00   3.68331E-07   4.15142E-08
    14     4   8.88546E+00   8.88546E+00  -3.68331E-07  -4.14532E-08
    14     5   8.89757E+00   8.89757E+00   1.36419E-08   1.53322E-09
    14     6   8.86727E+00   8.86727E+00   5.79506E-08   6.53533E-09
    14     7   8.89505E+00   8.89505E+00   1.56467E-06   1.75903E-07
    14     8   8.90693E+00   8.90693E+00  -5.79506E-08  -6.50624E-09
    14     9   8.88514E+00   8.88514E+00  -1.14586E-08  -1.28964E-09
    14    10   8.90010E+00   8.90010E+00   3.09382E-07   3.47616E-08
    14    11   8.91276E+00   8.91276E+00  -3.09382E-07  -3.47123E-08
    14    12   8.92429E+00   8.92429E+00   1.14586E-08   1.28398E-09
 *******************************
 -------------------------------
     1     1     1     1    15    15   1.59923E+00   1.59923E+00  -2.79026E-07  -1.74476E-07
     1     1     1     2    15    15   1.62623E+00   1.62623E+00  -2.43275E-09  -1.49594E-09
     1     1     1     3    15    15   1.63090E+00   1.63090E+00   6.56844E-08   4.02750E-08
     1     1     1     4    15    15   1.63060E+00   1.63060E+00  -6.56844E-08  -4.02823E-08
     1     1     1     5    15    15   1.62835E+00   1.62835E+00   2.43275E-09   1.49400E-09
     1     1     1     6    15    15   1.59412E+00   1.59412E+00   1.03343E-08   6.48277E-09
     1     1     1     7    15    15   1.59929E+00   1.59929E+00   2.79026E-07   1.74469E-07
     1     1     1     8    15    15   1.59737E+00   1.59737E+00  -1.03343E-08  -6.46959E-09
     1     1     1     9    15    15   1.53453E+00   1.53453E+00  -2.04341E-09  -1.33162E-09
     1     1     1    10    15    15   1.54014E+00   1.54014E+00   5.51720E-08   3.58226E-08
     1     1     1    11    15    15   1.54081E+00   1.54081E+00  -5.51720E-08  -3.58072E-08
     1     1     1    12    15    15   1.53942E+00   1.53942E+00   2.04341E-09   1.32739E-09
     1     1     2     1    16    16   3.96288E+01   3.96288E+01  -7.11802E-06  -1.79618E-07
     1     1     2     2    16    16   3.45489E+01   3.45489E+01  -6.20601E-08  -1.79630E-09
     1     1     2     3    16    16   4.27002E+01   4.27002E+01   1.67562E-06   3.92416E-08
     1     1     2     4    16    16   4.73972E+01   4.73972E+01  -1.67562E-06  -3.53528E-08
     1     1     2     5    16    16   5.03800E+01   5.03800E+01   6.20601E-08   1.23184E-09
     1     1     2     6    16    16   3.19055E+01   3.19055E+01   2.63631E-07   8.26285E-09
     1     1     2     7    16    16   4.42560E+01   4.42560E+01   7.11802E-06   1.60837E-07
     1     1     2     8    16    16   4.73113E+01   4.73113E+01  -2.63630E-07  -5.57225E-09
     1     1     2     9    16    16   2.81180E+01   2.81180E+01  -5.21278E-08  -1.85389E-09
     1     1     2    10    16    16   3.50036E+01   3.50036E+01   1.40745E-06   4.02087E-08
     1     1     2    11    16    16   3.94665E+01   3.94665E+01  -1.40745E-06  -3.56619E-08
     1     1     2    12    16    16   4.25454E+01   4.25454E+01   5.21278E-08   1.22523E-09
     1     2     1     1    17    17   6.32103E-02   6.32103E-02  -1.11302E-08  -1.76082E-07
     1     2     1     2    17    17   6.31673E-02   6.31673E-02  -9.70410E-11  -1.53625E-09
     1     2     1     3    17    17   6.31932E-02   6.31932E-02   2.62011E-09   4.14619E-08
     1     2     1     4    17    17   6.32162E-02   6.32162E-02  -2.62010E-09  -4.14467E-08
     1     2     1     5    17    17   6.32379E-02   6.32379E-02   9.70409E-11   1.53454E-09
     1     2     1     6    17    17   6.31841E-02   6.31841E-02   4.12229E-10   6.52425E-09
     1     2     1     7    17    17   6.32333E-02   6.32333E-02   1.11301E-08   1.76017E-07
     1     2     1     8    17    17   6.32548E-02   6.32548E-02  -4.12228E-10  -6.51694E-09
     1     2     1     9    17    17   6.32155E-02   6.32155E-02  -8.15102E-11  -1.28940E-09
     1     2     1    10    17    17   6.32423E-02   6.32423E-02   2.20078E-09   3.47991E-08
     1     2     1    11    17    17   6.32654E-02   6.32654E-02  -2.20077E-09  -3.47863E-08
     1     2     1    12    17    17   6.32868E-02   6.32868E-02   8.15102E-11   1.28795E-09
     2     4     1     1    19    18   2.21858E+02   2.21858E+02  -3.89563E-05  -1.75591E-07
     2     4     1     2    19    18   2.26698E+02   2.26698E+02  -3.39649E-07  -1.49825E-09
     2     4     1     3    19    18   2.26633E+02   2.26633E+02   9.17053E-06   4.04643E-08
     2     4     1     4    19    18   2.25893E+02   2.25893E+02  -9.17053E-06  -4.05968E-08
     2     4     1     5    19    18   2.24894E+02   2.24894E+02   3.39649E-07   1.51027E-09
     2     4     1     6    19    18   2.21858E+02   2.21858E+02   1.44283E-06   6.50338E-09
     2     4     1     7    19    18   2.21176E+02   2.21176E+02   3.89563E-05   1.76133E-07
     2     4     1     8    19    18   2.20231E+02   2.20231E+02  -1.44283E-06  -6.55142E-09
     2     4     1     9    19    18   2.12582E+02   2.12582E+02  -2.85291E-07  -1.34203E-09
     2     4     1    10    19    18   2.12663E+02   2.12663E+02   7.70285E-06   3.62208E-08
     2     4     1    11    19    18   2.12083E+02   2.12083E+02  -7.70285E-06  -3.63199E-08
     2     4     1    12    19    18   2.11236E+02   2.11236E+02   2.85291E-07   1.35058E-09
     2     4     2     1    20    19   1.47610E+06   1.47610E+06  -2.61565E-01  -1.77200E-07
     2     4     2     2    20    19   1.31188E+06   1.31188E+06  -2.28051E-03  -1.73835E-09
     2     4     2     3    20    19   1.60953E+06   1.60953E+06   6.15739E-02   3.82559E-08
     2     4     2     4    20    19   1.77510E+06   1.77510E+06  -6.15739E-02  -3.46875E-08
     2     4     2     5    20    19   1.87545E+06   1.87545E+06   2.28051E-03   1.21598E-09
     2     4     2     6    20    19   1.19737E+06   1.19737E+06   9.68760E-03   8.09071E-09
     2     4     2     7    20    19   1.63778E+06   1.63778E+06   2.61565E-01   1.59707E-07
     2     4     2     8    20    19   1.74028E+06   1.74028E+06  -9.68759E-03  -5.56670E-09
     2     4     2     9    20    19   1.03749E+06   1.03749E+06  -1.91553E-03  -1.84632E-09
     2     4     2    10    20    19   1.28150E+06   1.28150E+06   5.17194E-02   4.03584E-08
     2     4     2    11    20    19   1.43534E+06   1.43534E+06  -5.17194E-02  -3.60327E-08
     2     4     2    12    20    19   1.53792E+06   1.53792E+06   1.91553E-03   1.24554E-09
     2     5     1     1    21    20   2.43830E-03   2.43830E-03   4.27395E-10   1.75284E-07
     2     5     1     2    21    20   2.45396E-03   2.45396E-03   3.72634E-12   1.51850E-09
     2     5     1     3    21    20   2.44454E-03   2.44454E-03  -1.00611E-10  -4.11575E-08
     2     5     1     4    21    20   2.43615E-03   2.43615E-03   1.00611E-10   4.12993E-08
     2     5     1     5    21    20   2.42824E-03   2.42824E-03  -3.72634E-12  -1.53459E-09
     2     5     1     6    21    20   2.44784E-03   2.44784E-03  -1.58294E-11  -6.46671E-09
     2     5     1     7    21    20   2.42992E-03   2.42992E-03  -4.27395E-10  -1.75889E-07
     2     5     1     8    21    20   2.42206E-03   2.42206E-03   1.58294E-11   6.53553E-09
     2     5     1     9    21    20   2.43641E-03   2.43641E-03   3.12996E-12   1.28466E-09
     2     5     1    10    21    20   2.42663E-03   2.42663E-03  -8.45090E-11  -3.48257E-08
     2     5     1    11    21    20   2.41820E-03   2.41820E-03   8.45090E-11   3.49470E-08
     2     5     1    12    21    20   2.41041E-03   2.41041E-03  -3.12996E-12  -1.29852E-09
     3     7     1     1    23    21   7.67472E+01   7.67472E+01  -1.34316E-05  -1.75010E-07
     3     7     1     2    23    21   7.78874E+01   7.78874E+01  -1.17106E-07  -1.50353E-09
     3     7     1     3    23    21   7.82219E+01   7.82219E+01   3.16186E-06   4.04217E-08
     3     7     1     4    23    21   7.83171E+01   7.83171E+01  -3.16186E-06  -4.03726E-08
     3     7     1     5    23    21   7.83174E+01   7.83174E+01   1.17106E-07   1.49528E-09
     3     7     1     6    23    21   7.63925E+01   7.63925E+01   4.97465E-07   6.51196E-09
     3     7     1     7    23    21   7.68578E+01   7.68578E+01   1.34316E-05   1.74759E-07
     3     7     1     8    23    21   7.68717E+01   7.68717E+01  -4.97465E-07  -6.47136E-09
     3     7     1     9    23    21   7.36537E+01   7.36537E+01  -9.83641E-08  -1.33550E-09
     3     7     1    10    23    21   7.40300E+01   7.40300E+01   2.65583E-06   3.58750E-08
     3     7     1    11    23    21   7.41658E+01   7.41658E+01  -2.65583E-06  -3.58093E-08
     3     7     1    12    23    21   7.42015E+01   7.42015E+01   9.83640E-08   1.32563E-09
     3     7     2     1    24    22   6.94533E+02   6.94533E+02  -1.24742E-04  -1.79606E-07
     3     7     2     2    24    22   6.05450E+02   6.05450E+02  -1.08760E-06  -1.79634E-09
     3     7     2     3    24    22   7.48317E+02   7.48317E+02   2.93651E-05   3.92415E-08
     3     7     2     4    24    22   8.30652E+02   8.30652E+02  -2.93651E-05  -3.53518E-08
     3     7     2     5    24    22   8.82949E+02   8.82949E+02   1.08760E-06   1.23178E-09
     3     7     2     6    24    22   5.59160E+02   5.59160E+02   4.62009E-06   8.26256E-09
     3     7     2     7    24    22   7.75648E+02   7.75648E+02   1.24742E-04   1.60824E-07
     3     7     2     8    24    22   8.29215E+02   8.29215E+02  -4.62009E-06  -5.57165E-09
     3     7     2     9    24    22   4.92820E+02   4.92820E+02  -9.13533E-07  -1.85369E-09
     3     7     2    10    24    22   6.13519E+02   6.13520E+02   2.46654E-05   4.02031E-08
     3     7     2    11    24    22   6.91757E+02   6.91757E+02  -2.46654E-05  -3.56562E-08
     3     7     2    12    24    22   7.45741E+02   7.45741E+02   9.13533E-07   1.22500E-09
     3     8     1     1    25    23   1.11342E-02   1.11342E-02  -1.96315E-09  -1.76317E-07
     3     8     1     2    25    23   1.10971E-02   1.10971E-02  -1.71162E-11  -1.54241E-09
     3     8     1     3    25    23   1.11194E-02   1.11194E-02   4.62136E-10   4.15612E-08
     3     8     1     4    25    23   1.11393E-02   1.11393E-02  -4.62136E-10  -4.14869E-08
     3     8     1     5    25    23   1.11581E-02   1.11581E-02   1.71162E-11   1.53397E-09
     3     8     1     6    25    23   1.11116E-02   1.11116E-02   7.27092E-11   6.54354E-09
     3     8     1     7    25    23   1.11541E-02   1.11541E-02   1.96315E-09   1.76002E-07
     3     8     1     8    25    23   1.11728E-02   1.11728E-02  -7.27092E-11  -6.50772E-09
     3     8     1     9    25    23   1.11387E-02   1.11387E-02  -1.43768E-11  -1.29071E-09
     3     8     1    10    25    23   1.11619E-02   1.11619E-02   3.88174E-10   3.47766E-08
     3     8     1    11    25    23   1.11819E-02   1.11819E-02  -3.88174E-10  -3.47145E-08
     3     8     1    12    25    23   1.12004E-02   1.12004E-02   1.43768E-11   1.28360E-09
     4    10     1     1    27    24   1.74802E+02   1.74801E+02  -3.04897E-05  -1.74425E-07
     4    10     1     2    27    24   1.77991E+02   1.77991E+02  -2.65831E-07  -1.49351E-09
     4    10     1     3    27    24   1.78297E+02   1.78297E+02   7.17745E-06   4.02556E-08
     4    10     1     4    27    24   1.78064E+02   1.78064E+02  -7.17745E-06  -4.03083E-08
     4    10     1     5    27    24   1.77620E+02   1.77620E+02   2.65831E-07   1.49663E-09
     4    10     1     6    27    24   1.74443E+02   1.74443E+02   1.12925E-06   6.47344E-09
     4    10     1     7    27    24   1.74612E+02   1.74612E+02   3.04897E-05   1.74614E-07
     4    10     1     8    27    24   1.74208E+02   1.74208E+02  -1.12925E-06  -6.48219E-09
     4    10     1     9    27    24   1.67769E+02   1.67769E+02  -2.23287E-07  -1.33092E-09
     4    10     1    10    27    24   1.68190E+02   1.68190E+02   6.02874E-06   3.58449E-08
     4    10     1    11    27    24   1.68073E+02   1.68073E+02  -6.02874E-06  -3.58697E-08
     4    10     1    12    27    24   1.67736E+02   1.67736E+02   2.23287E-07   1.33118E-09
     4    10     2     1    28    25   4.47015E+04   4.47015E+04  -8.01516E-03  -1.79304E-07
     4    10     2     2    28    25   3.93099E+04   3.93099E+04  -6.98820E-05  -1.77772E-09
     4    10     2     3    28    25   4.83088E+04   4.83088E+04   1.88681E-03   3.90574E-08
     4    10     2     4    28    25   5.33624E+04   5.33624E+04  -1.88681E-03  -3.53585E-08
     4    10     2     5    28    25   5.64646E+04   5.64646E+04   6.98820E-05   1.23762E-09
     4    10     2     6    28    25   3.62083E+04   3.62083E+04   2.96858E-04   8.19860E-09
     4    10     2     7    28    25   4.96662E+04   4.96662E+04   8.01516E-03   1.61380E-07
     4    10     2     8    28    25   5.28447E+04   5.28447E+04  -2.96858E-04  -5.61755E-09
     4    10     2     9    28    25   3.16832E+04   3.16832E+04  -5.86979E-05  -1.85265E-09
     4    10     2    10    28    25   3.91830E+04   3.91830E+04   1.58484E-03   4.04472E-08
     4    10     2    11    28    25   4.39384E+04   4.39384E+04  -1.58484E-03  -3.60696E-08
     4    10     2    12    28    25   4.71319E+04   4.71319E+04   5.86978E-05   1.24539E-09
     4    11     1     1    29    26   6.78596E-14   6.78596E-14  -1.23994E-20  -1.23994E-20
     4    11     1     2    29    26   5.99228E-14   5.99228E-14  -1.08107E-22  -1.08107E-22
     4    11     1     3    29    26   6.44904E-14   6.44904E-14   2.91890E-21   2.91890E-21
     4    11     1     4    29    26   6.85493E-14   6.85493E-14  -2.91890E-21  -2.91890E-21
     4    11     1     5    29    26   7.23729E-14   7.23729E-14   1.08107E-22   1.08107E-22
     4    11     1     6    29    26   6.32100E-14   6.32100E-14   4.59239E-22   4.59239E-22
     4    11     1     7    29    26   7.19379E-14   7.19379E-14   1.23994E-20   1.23994E-20
     4    11     1     8    29    26   7.57560E-14   7.57560E-14  -4.59239E-22  -4.59239E-22
     4    11     1     9    29    26   6.94040E-14   6.94040E-14  -9.08055E-23  -9.08055E-23
     4    11     1    10    29    26   7.42262E-14   7.42262E-14   2.45175E-21   2.45175E-21
     4    11     1    11    29    26   7.83663E-14   7.83663E-14  -2.45175E-21  -2.45175E-21
     4    11     1    12    29    26   8.21926E-14   8.21926E-14   9.08055E-23   9.08055E-23
