     1
  5.00000000E+02   5.83000000E+02
  6.50907542E-08   2.58238769E-06
  1.96841549E-04   1.08492147E-03   1.06861448E-03   3.13714591E-03   1.01391643E-03   3.37839551E-04
  1.24907520E-02   3.16580451E-02   1.10159915E-01   3.20520493E-01   1.34582539E+00   8.88217297E+00
  1.59922568E+00   3.96287849E+01   6.32102950E-02   2.01102088E-31
  2.21858040E+02   1.47609878E+06   2.43829879E-03   2.01102088E-31
  7.67472076E+01   6.94532810E+02   1.11342218E-02   2.01102088E-31
  1.74801522E+02   4.47015114E+04   6.78596025E-14   2.01102088E-31
     2
  0.00000000E+00   5.57400000E+02
  6.58420959E-08   2.69563671E-06
  1.98699673E-04   1.08805958E-03   1.06991667E-03   3.13029514E-03   1.00102934E-03   3.35457784E-04
  1.24907300E-02   3.16760932E-02   1.10075791E-01   3.20151421E-01   1.34660016E+00   8.85752724E+00
  1.62623447E+00   3.45489094E+01   6.31673278E-02   2.01102088E-31
  2.26697564E+02   1.31188316E+06   2.45396198E-03   2.01102088E-31
  7.78873893E+01   6.05449887E+02   1.10970527E-02   2.01102088E-31
  1.77990960E+02   3.93099453E+04   5.99227741E-14   2.01102088E-31
     3
  5.00000000E+02   5.57400000E+02
  6.52264357E-08   2.62634552E-06
  1.97382897E-04   1.08512012E-03   1.06808967E-03   3.13157524E-03   1.00786370E-03   3.36586822E-04
  1.24907432E-02   3.16652255E-02   1.10126481E-01   3.20374075E-01   1.34613080E+00   8.87242333E+00
  1.63089575E+00   4.27001696E+01   6.31931778E-02   2.01102088E-31
  2.26632772E+02   1.60952750E+06   2.44453885E-03   2.01102088E-31
  7.82218832E+01   7.48317065E+02   1.11194119E-02   2.01102088E-31
  1.78296931E+02   4.83087928E+04   6.44904467E-14   2.01102088E-31
     4
  1.00000000E+03   5.57400000E+02
  6.46614757E-08   2.57724876E-06
  1.96245387E-04   1.08265187E-03   1.06659760E-03   3.13303924E-03   1.01398996E-03   3.37616947E-04
  1.24907549E-02   3.16556112E-02   1.10171240E-01   3.20570008E-01   1.34572271E+00   8.88546130E+00
  1.63059934E+00   4.73971612E+01   6.32161939E-02   2.01102088E-31
  2.25892883E+02   1.77510295E+06   2.43614880E-03   2.01102088E-31
  7.83171311E+01   8.30652118E+02   1.11393197E-02   2.01102088E-31
  1.78063802E+02   5.33623940E+04   6.85492650E-14   2.01102088E-31
     5
  1.50000000E+03   5.57400000E+02
  6.41171773E-08   2.53864541E-06
  1.95181281E-04   1.08033612E-03   1.06519214E-03   3.13438171E-03   1.01970187E-03   3.38576594E-04
  1.24907660E-02   3.16465973E-02   1.10213131E-01   3.20752823E-01   1.34534603E+00   8.89756731E+00
  1.62835195E+00   5.03800304E+01   6.32378991E-02   2.01102088E-31
  2.24893549E+02   1.87545289E+06   2.42823660E-03   2.01102088E-31
  7.83173659E+01   8.82948541E+02   1.11580936E-02   2.01102088E-31
  1.77620376E+02   5.64645904E+04   7.23728530E-14   2.01102088E-31
     6
  0.00000000E+00   5.83000000E+02
  6.57265854E-08   2.64763208E-06
  1.98193141E-04   1.08802483E-03   1.07059765E-03   3.13624908E-03   1.00716818E-03   3.36744817E-04
  1.24907386E-02   3.16689960E-02   1.10108904E-01   3.20296963E-01   1.34629266E+00   8.86727437E+00
  1.59411902E+00   3.19055260E+01   6.31841347E-02   2.01102088E-31
  2.21857980E+02   1.19737305E+06   2.44783506E-03   2.01102088E-31
  7.63925231E+01   5.59159866E+02   1.11115938E-02   2.01102088E-31
  1.74443288E+02   3.62083276E+04   6.32099847E-14   2.01102088E-31
     7
  1.00000000E+03   5.83000000E+02
  6.45169179E-08   2.53537374E-06
  1.95694052E-04   1.08237313E-03   1.06703604E-03   3.13834169E-03   1.01991603E-03   3.38835460E-04
  1.24907637E-02   3.16484808E-02   1.10204382E-01   3.20714687E-01   1.34542427E+00   8.89504704E+00
  1.59928697E+00   4.42559998E+01   6.32332909E-02   2.01102088E-31
  2.21175501E+02   1.63777927E+06   2.42991606E-03   2.01102088E-31
  7.68578122E+01   7.75647884E+02   1.11541124E-02   2.01102088E-31
  1.74611513E+02   4.96662241E+04   7.19379094E-14   2.01102088E-31
     8
  1.50000000E+03   5.83000000E+02
  6.39704326E-08   2.49799710E-06
  1.94634738E-04   1.08003832E-03   1.06559957E-03   3.13953944E-03   1.02551185E-03   3.39769379E-04
  1.24907747E-02   3.16395682E-02   1.10245748E-01   3.20894787E-01   1.34505620E+00   8.90692962E+00
  1.59736561E+00   4.73112796E+01   6.32548448E-02   2.01102088E-31
  2.20230871E+02   1.74027526E+06   2.42205901E-03   2.01102088E-31
  7.68717426E+01   8.29214508E+02   1.11727557E-02   2.01102088E-31
  1.74207827E+02   5.28447135E+04   7.57559887E-14   2.01102088E-31
     9
  0.00000000E+00   6.11000000E+02
  6.54205238E-08   2.59843349E-06
  1.97270450E-04   1.08804802E-03   1.07194499E-03   3.14753572E-03   1.01862508E-03   3.39156871E-04
  1.24907546E-02   3.16558465E-02   1.10170141E-01   3.20565204E-01   1.34573260E+00   8.88514351E+00
  1.53452983E+00   2.81180159E+01   6.32154654E-02   2.01102088E-31
  2.12582073E+02   1.03748659E+06   2.43641346E-03   2.01102088E-31
  7.36536659E+01   4.92819758E+02   1.11387017E-02   2.01102088E-31
  1.67769040E+02   3.16831907E+04   6.94039645E-14   2.01102088E-31
    10
  5.00000000E+02   6.11000000E+02
  6.47411728E-08   2.53789444E-06
  1.95837132E-04   1.08456220E-03   1.06959819E-03   3.14754099E-03   1.02517707E-03   3.40172278E-04
  1.24907684E-02   3.16446978E-02   1.10221945E-01   3.20791217E-01   1.34526737E+00   8.90010379E+00
  1.54014388E+00   3.50036327E+01   6.32423133E-02   2.01102088E-31
  2.12663476E+02   1.28150255E+06   2.42662651E-03   2.01102088E-31
  7.40299989E+01   6.13519481E+02   1.11619249E-02   2.01102088E-31
  1.68189694E+02   3.91829996E+04   7.42262396E-14   2.01102088E-31
    11
  1.00000000E+03   6.11000000E+02
  6.41515448E-08   2.49242203E-06
  1.94667802E-04   1.08186969E-03   1.06786943E-03   3.14830086E-03   1.03099560E-03   3.41116511E-04
  1.24907802E-02   3.16351659E-02   1.10266152E-01   3.20983427E-01   1.34487638E+00   8.91275866E+00
  1.54080580E+00   3.94664572E+01   6.32654184E-02   2.01102088E-31
  2.12083488E+02   1.43534469E+06   2.41820391E-03   2.01102088E-31
  7.41658429E+01   6.91756934E+02   1.11819106E-02   2.01102088E-31
  1.68073297E+02   4.39384401E+04   7.83663020E-14   2.01102088E-31
    12
  1.50000000E+03   6.11000000E+02
  6.35980983E-08   2.45588310E-06
  1.93606598E-04   1.07945800E-03   1.06633870E-03   3.14915435E-03   1.03637746E-03   3.41998699E-04
  1.24907912E-02   3.16263951E-02   1.10306760E-01   3.21159458E-01   1.34452202E+00   8.92429397E+00
  1.53941970E+00   4.25454431E+01   6.32868021E-02   2.01102088E-31
  2.11235641E+02   1.53791881E+06   2.41040883E-03   2.01102088E-31
  7.42014708E+01   7.45740580E+02   1.12004072E-02   2.01102088E-31
  1.67736407E+02   4.71319420E+04   8.21925867E-14   2.01102088E-31
