     1
  5.00000000E+02   5.83000000E+02
  6.56434431E-08   2.51665263E-06
  1.96702347E-04   1.08556172E-03   1.06963146E-03   3.14210463E-03   1.01776080E-03   3.38721343E-04
  1.24907565E-02   3.16543001E-02   1.10177333E-01   3.20596633E-01   1.34566755E+00   8.88722898E+00
  1.60241703E+00   4.81246736E+01   6.32191870E-02   2.01102088E-31
  2.21783561E+02   1.78048593E+06   2.43505684E-03   2.01102088E-31
  7.69724926E+01   8.43449295E+02   1.11419203E-02   2.01102088E-31
  1.75009500E+02   5.39383709E+04   7.00260201E-14   2.01102088E-31
     2
  0.00000000E+00   5.57400000E+02
  6.63451565E-08   2.61907222E-06
  1.98364668E-04   1.08829107E-03   1.07069801E-03   3.13556908E-03   1.00597386E-03   3.36526656E-04
  1.24907366E-02   3.16706602E-02   1.10101142E-01   3.20262876E-01   1.34636443E+00   8.86499509E+00
  1.63407377E+00   4.48459935E+01   6.31801463E-02   2.01102088E-31
  2.27312838E+02   1.69009040E+06   2.44928881E-03   2.01102088E-31
  7.83292240E+01   7.85919520E+02   1.11081463E-02   2.01102088E-31
  1.78717608E+02   5.06684079E+04   6.26886171E-14   2.01102088E-31
     3
  5.00000000E+02   5.57400000E+02
  6.57707921E-08   2.56155218E-06
  1.97288380E-04   1.08577867E-03   1.06906485E-03   3.13607393E-03   1.01120720E-03   3.37364376E-04
  1.24907470E-02   3.16620689E-02   1.10141183E-01   3.20438502E-01   1.34599608E+00   8.87671830E+00
  1.62831561E+00   5.09982164E+01   6.32006340E-02   2.01102088E-31
  2.25820878E+02   1.91103102E+06   2.44182040E-03   2.01102088E-31
  7.81616542E+01   8.93756543E+02   1.11258674E-02   2.01102088E-31
  1.77888548E+02   5.73812625E+04   6.63171807E-14   2.01102088E-31
     4
  1.00000000E+03   5.57400000E+02
  6.52246959E-08   2.52090549E-06
  1.96279258E-04   1.08352361E-03   1.06765787E-03   3.13705043E-03   1.01643140E-03   3.38227479E-04
  1.24907573E-02   3.16537183E-02   1.10180040E-01   3.20608459E-01   1.34564313E+00   8.88801283E+00
  1.62240009E+00   5.43118557E+01   6.32206533E-02   2.01102088E-31
  2.24318120E+02   2.02386970E+06   2.43452272E-03   2.01102088E-31
  7.79851149E+01   9.51849842E+02   1.11431834E-02   2.01102088E-31
  1.77045384E+02   6.08615052E+04   6.98619316E-14   2.01102088E-31
     5
  1.50000000E+03   5.57400000E+02
  6.46925868E-08   2.48854738E-06
  1.95303418E-04   1.08135855E-03   1.06631611E-03   3.13807765E-03   1.02153539E-03   3.39075256E-04
  1.24907673E-02   3.16455699E-02   1.10217899E-01   3.20773596E-01   1.34530345E+00   8.89893995E+00
  1.61646767E+00   5.62970841E+01   6.32402893E-02   2.01102088E-31
  2.22823986E+02   2.08635308E+06   2.42736478E-03   2.01102088E-31
  7.78062725E+01   9.86663413E+02   1.11601677E-02   2.01102088E-31
  1.76203543E+02   6.28330291E+04   7.33378694E-14   2.01102088E-31
     6
  0.00000000E+00   5.83000000E+02
  6.62253873E-08   2.57066760E-06
  1.97779527E-04   1.08817338E-03   1.07138764E-03   3.14207238E-03   1.01282541E-03   3.37955779E-04
  1.24907463E-02   3.16626646E-02   1.10138407E-01   3.20426341E-01   1.34602144E+00   8.87590872E+00
  1.60794644E+00   4.22631976E+01   6.31991447E-02   2.01102088E-31
  2.23233115E+02   1.57245608E+06   2.44236293E-03   2.01102088E-31
  7.71310748E+01   7.40703197E+02   1.11245841E-02   2.01102088E-31
  1.75809411E+02   4.75715340E+04   6.64556942E-14   2.01102088E-31
     7
  1.00000000E+03   5.83000000E+02
  6.50967927E-08   2.47744979E-06
  1.95706668E-04   1.08328627E-03   1.06817969E-03   3.14282555E-03   1.02275896E-03   3.39535490E-04
  1.24907665E-02   3.16461761E-02   1.10215083E-01   3.20761325E-01   1.34532856E+00   8.89813005E+00
  1.59668852E+00   5.14982114E+01   6.32387540E-02   2.01102088E-31
  2.20317931E+02   1.89482243E+06   2.42792405E-03   2.01102088E-31
  7.68027820E+01   9.02593888E+02   1.11588452E-02   2.01102088E-31
  1.74190910E+02   5.74783829E+04   7.35107208E-14   2.01102088E-31
     8
  1.50000000E+03   5.83000000E+02
  6.45668282E-08   2.44613966E-06
  1.94749135E-04   1.08112907E-03   1.06682156E-03   3.14367801E-03   1.02766588E-03   3.40343275E-04
  1.24907764E-02   3.16382513E-02   1.10251851E-01   3.20921315E-01   1.34500227E+00   8.90867595E+00
  1.59094341E+00   5.36031493E+01   6.32579377E-02   2.01102088E-31
  2.18861022E+02   1.96160508E+06   2.42093096E-03   2.01102088E-31
  7.66308452E+01   9.39505640E+02   1.11754387E-02   2.01102088E-31
  1.73373584E+02   5.95812523E+04   7.69262391E-14   2.01102088E-31
     9
  0.00000000E+00   6.11000000E+02
  6.58849450E-08   2.51995978E-06
  1.96673699E-04   1.08787303E-03   1.07259145E-03   3.15399247E-03   1.02552923E-03   3.40598469E-04
  1.24907646E-02   3.16477599E-02   1.10207724E-01   3.20729255E-01   1.34539428E+00   8.89601187E+00
  1.55868370E+00   3.82297431E+01   6.32348070E-02   2.01102088E-31
  2.15242106E+02   1.39528678E+06   2.42936214E-03   2.01102088E-31
  7.49074104E+01   6.70068626E+02   1.11554411E-02   2.01102088E-31
  1.70232792E+02   4.26267415E+04   7.36155725E-14   2.01102088E-31
    10
  5.00000000E+02   6.11000000E+02
  6.52945805E-08   2.46834265E-06
  1.95603677E-04   1.08513895E-03   1.07067146E-03   3.15334688E-03   1.02999735E-03   3.41254484E-04
  1.24907745E-02   3.16397773E-02   1.10244772E-01   3.20890540E-01   1.34506476E+00   8.90665172E+00
  1.55352518E+00   4.37690565E+01   6.32541068E-02   2.01102088E-31
  2.13871072E+02   1.58869220E+06   2.42232668E-03   2.01102088E-31
  7.47620931E+01   7.67173803E+02   1.11721354E-02   2.01102088E-31
  1.69482274E+02   4.85913637E+04   7.70897207E-14   2.01102088E-31
    11
  1.00000000E+03   6.11000000E+02
  6.47477500E-08   2.43004134E-06
  1.94629653E-04   1.08282022E-03   1.06913438E-03   3.15360577E-03   1.03459901E-03   3.41982006E-04
  1.24907841E-02   3.16320404E-02   1.10280627E-01   3.21046231E-01   1.34474951E+00   8.91688103E+00
  1.54817052E+00   4.71812588E+01   6.32729058E-02   2.01102088E-31
  2.12484368E+02   1.70336261E+06   2.41547382E-03   2.01102088E-31
  7.46059156E+01   8.26998143E+02   1.11883965E-02   2.01102088E-31
  1.68713229E+02   5.21575230E+04   8.04727599E-14   2.01102088E-31
    12
  1.50000000E+03   6.11000000E+02
  6.42210096E-08   2.39932108E-06
  1.93699978E-04   1.08065666E-03   1.06772831E-03   3.15410328E-03   1.03914903E-03   3.42715221E-04
  1.24907935E-02   3.16244980E-02   1.10315532E-01   3.21197414E-01   1.34444603E+00   8.92677527E+00
  1.54277047E+00   4.94247690E+01   6.32913208E-02   2.01102088E-31
  2.11102169E+02   1.77495685E+06   2.40876091E-03   2.01102088E-31
  7.44461444E+01   8.66339043E+02   1.12043255E-02   2.01102088E-31
  1.67942147E+02   5.44097443E+04   8.37857327E-14   2.01102088E-31
