     1
  5.00000000E+02   5.83000000E+02
  6.58026196E-08   2.49290879E-06
  1.96796343E-04   1.08584807E-03   1.06986293E-03   3.14241442E-03   1.01754659E-03   3.38707613E-04
  1.24907559E-02   3.16548475E-02   1.10174787E-01   3.20585509E-01   1.34569056E+00   8.88649109E+00
  1.58264392E+00   5.15212458E+01   6.32178664E-02   2.01102088E-31
  2.19056159E+02   1.90597962E+06   2.43553821E-03   2.01102088E-31
  7.60210366E+01   9.02978995E+02   1.11407787E-02   2.01102088E-31
  1.72848326E+02   5.77396385E+04   6.98513406E-14   2.01102088E-31
     2
  0.00000000E+00   5.57400000E+02
  6.64768771E-08   2.58838135E-06
  1.98424537E-04   1.08844282E-03   1.07080894E-03   3.13562212E-03   1.00575176E-03   3.36497234E-04
  1.24907361E-02   3.16710748E-02   1.10099208E-01   3.20254381E-01   1.34638234E+00   8.86442674E+00
  1.61427710E+00   4.94262951E+01   6.31791557E-02   2.01102088E-31
  2.24567802E+02   1.86252321E+06   2.44964986E-03   2.01102088E-31
  7.73786920E+01   8.66188886E+02   1.11072901E-02   2.01102088E-31
  1.76551117E+02   5.58373850E+04   6.25617014E-14   2.01102088E-31
     3
  5.00000000E+02   5.57400000E+02
  6.59140907E-08   2.53935821E-06
  1.97376178E-04   1.08606013E-03   1.06929828E-03   3.13643241E-03   1.01105017E-03   3.37362031E-04
  1.24907464E-02   3.16625429E-02   1.10138975E-01   3.20428831E-01   1.34601626E+00   8.87607417E+00
  1.60838471E+00   5.41475483E+01   6.31994956E-02   2.01102088E-31
  2.23065369E+02   2.02889156E+06   2.44223533E-03   2.01102088E-31
  7.72034253E+01   9.48949582E+02   1.11248834E-02   2.01102088E-31
  1.75709728E+02   6.09198252E+04   6.61669662E-14   2.01102088E-31
     4
  1.00000000E+03   5.57400000E+02
  6.53731533E-08   2.50330234E-06
  1.96379329E-04   1.08385764E-03   1.06793963E-03   3.13752081E-03   1.01628874E-03   3.38233562E-04
  1.24907566E-02   3.16542329E-02   1.10177647E-01   3.20598006E-01   1.34566473E+00   8.88731967E+00
  1.60242759E+00   5.66924507E+01   6.32194114E-02   2.01102088E-31
  2.21565127E+02   2.11244276E+06   2.43497540E-03   2.01102088E-31
  7.70235971E+01   9.93571473E+02   1.11421098E-02   2.01102088E-31
  1.74864407E+02   6.35247794E+04   6.96961621E-14   2.01102088E-31
     5
  1.50000000E+03   5.57400000E+02
  6.48444466E-08   2.47381060E-06
  1.95411307E-04   1.08172391E-03   1.06662599E-03   3.13860843E-03   1.02139495E-03   3.39085009E-04
  1.24907666E-02   3.16461178E-02   1.10215355E-01   3.20762513E-01   1.34532615E+00   8.89820809E+00
  1.59648848E+00   5.81996797E+01   6.32389603E-02   2.01102088E-31
  2.20078338E+02   2.15673596E+06   2.42784920E-03   2.01102088E-31
  7.68431372E+01   1.02000850E+03   1.11590189E-02   2.01102088E-31
  1.74024226E+02   6.49524587E+04   7.31593958E-14   2.01102088E-31
     6
  0.00000000E+00   5.83000000E+02
  6.63666976E-08   2.53912053E-06
  1.97831765E-04   1.08825817E-03   1.07142645E-03   3.14188794E-03   1.01248992E-03   3.37895756E-04
  1.24907457E-02   3.16631430E-02   1.10136178E-01   3.20416577E-01   1.34604183E+00   8.87525820E+00
  1.58831915E+00   4.69639892E+01   6.31979960E-02   2.01102088E-31
  2.20517666E+02   1.74714958E+06   2.44278160E-03   2.01102088E-31
  7.61878801E+01   8.23089366E+02   1.11235913E-02   2.01102088E-31
  1.73661849E+02   5.28559072E+04   6.63085221E-14   2.01102088E-31
     7
  1.00000000E+03   5.83000000E+02
  6.52624058E-08   2.45845897E-06
  1.95815880E-04   1.08363926E-03   1.06847294E-03   3.14328142E-03   1.02256728E-03   3.39533348E-04
  1.24907658E-02   3.16467697E-02   1.10212326E-01   3.20749314E-01   1.34535317E+00   8.89733665E+00
  1.57686618E+00   5.41063677E+01   6.32373149E-02   2.01102088E-31
  2.17591966E+02   1.99063491E+06   2.42844857E-03   2.01102088E-31
  7.58476872E+01   9.48306475E+02   1.11576013E-02   2.01102088E-31
  1.72026716E+02   6.03844305E+04   7.33179972E-14   2.01102088E-31
     8
  1.50000000E+03   5.83000000E+02
  6.47366299E-08   2.43016455E-06
  1.94868208E-04   1.08152324E-03   1.06715235E-03   3.14421829E-03   1.02748225E-03   3.40347038E-04
  1.24907756E-02   3.16388822E-02   1.10248926E-01   3.20908602E-01   1.34502809E+00   8.90783961E+00
  1.57110905E+00   5.57134338E+01   6.32564009E-02   2.01102088E-31
  2.16141617E+02   2.03869116E+06   2.42149113E-03   2.01102088E-31
  7.56738919E+01   9.76492913E+02   1.11741102E-02   2.01102088E-31
  1.71210429E+02   6.19223289E+04   7.67190657E-14   2.01102088E-31
     9
  0.00000000E+00   6.11000000E+02
  6.60473931E-08   2.48508014E-06
  1.96716559E-04   1.08785265E-03   1.07251347E-03   3.15340452E-03   1.02498480E-03   3.40483974E-04
  1.24907638E-02   3.16483725E-02   1.10204878E-01   3.20716848E-01   1.34541975E+00   8.89519163E+00
  1.53951997E+00   4.32280633E+01   6.32333230E-02   2.01102088E-31
  2.12606507E+02   1.57745809E+06   2.42990302E-03   2.01102088E-31
  7.39844827E+01   7.57676603E+02   1.11541584E-02   2.01102088E-31
  1.68137860E+02   4.81913173E+04   7.34251165E-14   2.01102088E-31
    10
  5.00000000E+02   6.11000000E+02
  6.54819175E-08   2.44127200E-06
  1.95702977E-04   1.08539367E-03   1.07085731E-03   3.15343965E-03   1.02962526E-03   3.41204554E-04
  1.24907736E-02   3.16404786E-02   1.10241519E-01   3.20876397E-01   1.34509353E+00   8.90572054E+00
  1.53419369E+00   4.75360669E+01   6.32524005E-02   2.01102088E-31
  2.11220528E+02   1.72521521E+06   2.42294864E-03   2.01102088E-31
  7.38298717E+01   8.33201361E+02   1.11706604E-02   2.01102088E-31
  1.67371271E+02   5.27663877E+04   7.68628436E-14   2.01102088E-31
    11
  1.00000000E+03   6.11000000E+02
  6.49455818E-08   2.40790671E-06
  1.94753376E-04   1.08318797E-03   1.06942694E-03   3.15396287E-03   1.03428222E-03   3.41955309E-04
  1.24907831E-02   3.16327993E-02   1.10277112E-01   3.21030986E-01   1.34478025E+00   8.91588122E+00
  1.52877832E+00   5.01752081E+01   6.32710504E-02   2.01102088E-31
  2.09833591E+02   1.81126795E+06   2.41615010E-03   2.01102088E-31
  7.36695287E+01   8.79476652E+02   1.11867926E-02   2.01102088E-31
  1.66597884E+02   5.54611003E+04   8.02225696E-14   2.01102088E-31
    12
  1.50000000E+03   6.11000000E+02
  6.44249851E-08   2.38051886E-06
  1.93838319E-04   1.08108901E-03   1.06808097E-03   3.15460312E-03   1.03885547E-03   3.42700011E-04
  1.24907925E-02   3.16253020E-02   1.10311812E-01   3.21181323E-01   1.34447820E+00   8.92572409E+00
  1.52335890E+00   5.18993133E+01   6.32893458E-02   2.01102088E-31
  2.08456813E+02   1.86365592E+06   2.40948078E-03   2.01102088E-31
  7.35075758E+01   9.09714167E+02   1.12026182E-02   2.01102088E-31
  1.65826977E+02   5.71282911E+04   8.35174473E-14   2.01102088E-31
