     1
  5.00000000E+02   5.83000000E+02
  6.72069550E-08   2.54975120E-06
  1.97120965E-04   1.08581102E-03   1.06934334E-03   3.13822434E-03   1.01333758E-03   3.37812655E-04
  1.24907500E-02   3.16596381E-02   1.10152500E-01   3.20488053E-01   1.34589282E+00   8.88001618E+00
  1.52620916E+00   4.15378716E+01   6.32064692E-02   6.43664067E-31
  2.11934641E+02   1.54766046E+06   2.43969337E-03   6.43664067E-31
  7.32107996E+01   7.27990557E+02   1.11309134E-02   6.43664067E-31
  1.66868517E+02   4.68632709E+04   6.72489385E-14   6.43664067E-31
     2
  0.00000000E+00   5.57400000E+02
  6.79233562E-08   2.58483149E-06
  1.98644727E-04   1.08818280E-03   1.07015920E-03   3.13159750E-03   1.00213196E-03   3.35704029E-04
  1.24907314E-02   3.16749573E-02   1.10081093E-01   3.20174749E-01   1.34655070E+00   8.85909203E+00
  1.55392087E+00   4.46590412E+01   6.31700121E-02   6.43664067E-31
  2.16779264E+02   1.69224017E+06   2.45298342E-03   6.43664067E-31
  7.43981967E+01   7.82629441E+02   1.10993754E-02   6.43664067E-31
  1.70114265E+02   5.07164450E+04   6.04741554E-14   6.43664067E-31
     3
  5.00000000E+02   5.57400000E+02
  6.74283583E-08   2.57582914E-06
  1.97676617E-04   1.08612577E-03   1.06894251E-03   3.13305264E-03   1.00747213E-03   3.36611074E-04
  1.24907414E-02   3.16667136E-02   1.10119545E-01   3.20343660E-01   1.34619456E+00   8.87039358E+00
  1.54750909E+00   4.34331455E+01   6.31896195E-02   6.43664067E-31
  2.15240056E+02   1.63719739E+06   2.44583592E-03   6.43664067E-31
  7.41923237E+01   7.61162380E+02   1.11163348E-02   6.43664067E-31
  1.69226321E+02   4.91429083E+04   6.39227630E-14   6.43664067E-31
     4
  1.00000000E+03   5.57400000E+02
  6.69409788E-08   2.56752388E-06
  1.96727648E-04   1.08409054E-03   1.06772590E-03   3.13439110E-03   1.01265099E-03   3.37487092E-04
  1.24907512E-02   3.16586514E-02   1.10157095E-01   3.20508157E-01   1.34585103E+00   8.88135265E+00
  1.54123925E+00   4.22779063E+01   6.32088933E-02   6.43664067E-31
  2.13731765E+02   1.58545678E+06   2.43881003E-03   6.43664067E-31
  7.39917754E+01   7.40932309E+02   1.11330056E-02   6.43664067E-31
  1.68357036E+02   4.76615478E+04   6.73118316E-14   6.43664067E-31
     5
  1.50000000E+03   5.57400000E+02
  6.64608091E-08   2.55985104E-06
  1.95796816E-04   1.08207546E-03   1.06650874E-03   3.13561652E-03   1.01767543E-03   3.38333327E-04
  1.24907609E-02   3.16507621E-02   1.10193784E-01   3.20668460E-01   1.34551937E+00   8.89198786E+00
  1.53509530E+00   4.11868348E+01   6.32278478E-02   6.43664067E-31
  2.12251658E+02   1.53671526E+06   2.43190054E-03   6.43664067E-31
  7.37957969E+01   7.21825629E+02   1.11494003E-02   6.43664067E-31
  1.67504604E+02   4.62639548E+04   7.06439111E-14   6.43664067E-31
     6
  0.00000000E+00   5.83000000E+02
  6.76936723E-08   2.55700650E-06
  1.98061085E-04   1.08782232E-03   1.07054269E-03   3.13687295E-03   1.00819367E-03   3.36941499E-04
  1.24907403E-02   3.16676212E-02   1.10115314E-01   3.20325093E-01   1.34623352E+00   8.86915407E+00
  1.53242069E+00   4.26680211E+01   6.31873987E-02   6.43664067E-31
  2.13436640E+02   1.59792097E+06   2.44664516E-03   6.43664067E-31
  7.34088504E+01   7.47782535E+02   1.11144182E-02   6.43664067E-31
  1.67730882E+02   4.83195586E+04   6.38774294E-14   6.43664067E-31
     7
  1.00000000E+03   5.83000000E+02
  6.67271426E-08   2.54306879E-06
  1.96198205E-04   1.08381604E-03   1.06813976E-03   3.13945297E-03   1.01832455E-03   3.38653093E-04
  1.24907596E-02   3.16518274E-02   1.10188831E-01   3.20646845E-01   1.34556389E+00   8.89055685E+00
  1.52011424E+00   4.04680878E+01   6.32252206E-02   6.43664067E-31
  2.10460468E+02   1.50022475E+06   2.43285790E-03   6.43664067E-31
  7.30167260E+01   7.09255448E+02   1.11471326E-02   6.43664067E-31
  1.66022051E+02   4.54869032E+04   7.05631403E-14   6.43664067E-31
     8
  1.50000000E+03   5.83000000E+02
  6.62546354E-08   2.53687083E-06
  1.95293276E-04   1.08184352E-03   1.06693895E-03   3.14058325E-03   1.02316785E-03   3.39466205E-04
  1.24907690E-02   3.16441810E-02   1.10224347E-01   3.20801676E-01   1.34524602E+00   8.90079326E+00
  1.51415253E+00   3.94588811E+01   6.32436665E-02   6.43664067E-31
  2.09015467E+02   1.45556676E+06   2.42613379E-03   6.43664067E-31
  7.28276409E+01   6.91581016E+02   1.11630875E-02   6.43664067E-31
  1.65193122E+02   4.41895840E+04   7.38225308E-14   6.43664067E-31
     9
  0.00000000E+00   6.11000000E+02
  6.71363527E-08   2.52801887E-06
  1.96965889E-04   1.08703612E-03   1.07112294E-03   3.14624361E-03   1.01922289E-03   3.39180877E-04
  1.24907567E-02   3.16541358E-02   1.10178096E-01   3.20599967E-01   1.34566065E+00   8.88745028E+00
  1.49163810E+00   3.95310263E+01   6.32195604E-02   6.43664067E-31
  2.06819141E+02   1.45547193E+06   2.43492059E-03   6.43664067E-31
  7.15647238E+01   6.92857756E+02   1.11422452E-02   6.43664067E-31
  1.63122816E+02   4.44344158E+04   7.02465032E-14   6.43664067E-31
    10
  5.00000000E+02   6.11000000E+02
  6.66649962E-08   2.52277911E-06
  1.96072622E-04   1.08509646E-03   1.06994645E-03   3.14739716E-03   1.02402301E-03   3.39988260E-04
  1.24907660E-02   3.16466000E-02   1.10213113E-01   3.20752745E-01   1.34534613E+00   8.89756343E+00
  1.48578573E+00   3.85389729E+01   6.32377084E-02   6.43664067E-31
  2.05391641E+02   1.41203488E+06   2.42830504E-03   6.43664067E-31
  7.13797693E+01   6.75482462E+02   1.11579428E-02   6.43664067E-31
  1.62307755E+02   4.31579989E+04   7.34846944E-14   6.43664067E-31
    11
  1.00000000E+03   6.11000000E+02
  6.62006801E-08   2.51792625E-06
  1.95196147E-04   1.08317671E-03   1.06877103E-03   3.14845184E-03   1.02868398E-03   3.40768965E-04
  1.24907752E-02   3.16392222E-02   1.10247349E-01   3.20901746E-01   1.34504201E+00   8.90738856E+00
  1.48005250E+00   3.76005628E+01   6.32555596E-02   6.43664067E-31
  2.03992021E+02   1.37103944E+06   2.42179770E-03   6.43664067E-31
  7.11990668E+01   6.59046506E+02   1.11733837E-02   6.43664067E-31
  1.61508635E+02   4.19520406E+04   7.66690643E-14   6.43664067E-31
    12
  1.50000000E+03   6.11000000E+02
  6.57431074E-08   2.51343588E-06
  1.94335711E-04   1.08127572E-03   1.06759633E-03   3.14941083E-03   1.03321123E-03   3.41523993E-04
  1.24907842E-02   3.16319959E-02   1.10280836E-01   3.21047140E-01   1.34474772E+00   8.91693979E+00
  1.47442169E+00   3.67100655E+01   6.32731249E-02   6.43664067E-31
  2.02617056E+02   1.33223674E+06   2.41539460E-03   6.43664067E-31
  7.10218927E+01   6.43449524E+02   1.11885773E-02   6.43664067E-31
  1.60723557E+02   4.08093154E+04   7.98015724E-14   6.43664067E-31
