9
9*UO2
9*1
CXfuel_1 CXfuel_2 CXfuel_3 CXreftop_4H2 CXrefbot_5H3 CXradialref_6H4 CXradialref_7H4 CXradialref_8H5 CXradialref_9H1 
1196 1196 1196 12 12 12 12 12 12 
--------------------------------------
4
BU  CB   TF  TM
22
1    2     1  4   1  3    1  3
2    7     1  4   1  3    1  3
7   15     1  4   1  3    1  3
15   19     1  4   1  3    1  3
19   31     1  4   1  3    1  3
31   39     1  4   1  3    1  3
39   45     1  4   1  3    1  3
45   49     1  4   1  3    1  3
49   53     1  4   1  3    1  3
53   57     1  4   1  3    1  3
57   63     1  4   1  3    1  3
63   69     1  4   1  3    1  3
69   75     1  4   1  3    1  3
75   81     1  4   1  3    1  3
81   87     1  4   1  3    1  3
87   93     1  4   1  3    1  3
93   98     1  4   1  3    1  3
98   103    1  4   1  3    1  3
103  108    1  4   1  3    1  3
108  113    1  4   1  3    1  3
113  118    1  4   1  3    1  3
118  123    1  4   1  3    1  3
1     2     2     2
5     2     2     2
12     2     2     2
18     2     2     2
25     2     2     2
35     2     2     2
42     2     2     2
47     2     2     2
51     2     2     2
55     2     2     2
60     2     2     2
66     2     2     2
72     2     2     2
78     2     2     2
85     2     2     2
90     2     2     2
96     2     2     2
101    2     2     2
106    2     2     2
111    2     2     2
116    2     2     2
121    2     2     2
--------------------------------------
2
2
2
2
2
2
2
2
2
2
2
2
2
2
2
2
2
2
2
2
2
2
2
0   1   1   0
2
2 1 1 1 3 1
1  -1   1   0
3
3 2 4 1 1 1 2 3 2
0   1   1   0
2
2 1 1 1 3 3
1  -1   1   0
3
3 2 4 1 1 1 2 3 2
0   1   1   0
2
2 1 1 1 3 3
1  -1   1   0
3
3 2 4 1 1 1 2 3 2
0   1   1   0
2
2 1 1 1 3 3
1  -1   1   0
3
3 2 4 1 1 1 2 3 2
0   1   1   0
2
2 1 1 1 3 3
1  -1   1   0
3
3 2 4 1 1 1 2 3 2
0   1   1   0
2
2 1 1 1 3 3
1  -1   1   0
3
3 2 4 1 1 1 2 3 2
0   1   1   0
2
2 1 1 1 3 3
1  -1   1   0
3
3 2 4 1 1 1 2 3 2
0   1   1   0
2
2 1 1 1 3 3
1  -1   1   0
3
3 2 4 1 1 1 2 3 2
0   1   1   0
2
2 1 1 1 3 3
1  -1   1   0
3
3 2 4 1 1 1 2 3 2
0   1   1   0
2
2 1 1 1 3 3
1  -1   1   0
3
3 2 4 1 1 1 2 3 2
0   1   1   0
2
2 1 1 1 3 3
1  -1   1   0
3
3 2 4 1 1 1 2 3 2
0   1   1   0
2
2 1 1 1 3 3
1  -1   1   0
3
3 2 4 1 1 1 2 3 2
0   1   1   0
2
2 1 1 1 3 3
1  -1   1   0
3
3 2 4 1 1 1 2 3 2
0   1   1   0
2
2 1 1 1 3 3
1  -1   1   0
3
3 2 4 1 1 1 2 3 2
0   1   1   0
2
2 1 1 1 3 3
1  -1   1   0
3
3 2 4 1 1 1 2 3 2
0   1   1   0
2
2 1 1 1 3 3
1  -1   1   0
3
3 2 4 1 1 1 2 3 2
0   1   1   0
2
2 1 1 1 3 3
1  -1   1   0
3
3 2 4 1 1 1 2 3 2
0   1   1   0
2
2 1 1 1 3 3
1  -1   1   0
3
3 2 4 1 1 1 2 3 2
0   1   1   0
2
2 1 1 1 3 3
1  -1   1   0
3
3 2 4 1 1 1 2 3 2
0   1   1   0
2
2 1 1 1 3 3
1  -1   1   0
3
3 2 4 1 1 1 2 3 2
0   1   1   0
2
2 1 1 1 3 3
1  -1   1   0
3
3 2 4 1 1 1 2 3 2
0   1   1   0
2
2 1 1 1 3 3
1  -1   1   0
3
3 2 4 1 1 1 2 3 2
--------------------------------------
4 36
4 36
4 36
4 36
4 36
4 36
4 36
4 36
4 36
4 36
4 36
4 36
4 36
4 36
4 36
4 36
4 36
4 36
4 36
4 36
4 36
4 36
1 2   124 125   247 248   370 371
1 1   124 124   247 247   370 370   493 493   515 515   537 537   559 559   581 581   603 603   625 625   647 647   669 669   691 691   713 713   735 735   757 757   779 779   801 801   823 823   845 845   867 867   889 889   911 911   933 933   955 955   977 977   999 999   1021 1021   1043 1043   1065 1065   1087 1087   1109 1109   1131 1131   1153 1153   1175 1175
2 7   125 130   248 253   371 376
5 5   128 128   251 251   374 374   494 494   516 516   538 538   560 560   582 582   604 604   626 626   648 648   670 670   692 692   714 714   736 736   758 758   780 780   802 802   824 824   846 846   868 868   890 890   912 912   934 934   956 956   978 978   1000 1000   1022 1022   1044 1044   1066 1066   1088 1088   1110 1110   1132 1132   1154 1154   1176 1176
7 15   130 138   253 261   376 384
12 12   135 135   258 258   381 381   495 495   517 517   539 539   561 561   583 583   605 605   627 627   649 649   671 671   693 693   715 715   737 737   759 759   781 781   803 803   825 825   847 847   869 869   891 891   913 913   935 935   957 957   979 979   1001 1001   1023 1023   1045 1045   1067 1067   1089 1089   1111 1111   1133 1133   1155 1155   1177 1177
15 19   138 142   261 265   384 388
18 18   141 141   264 264   387 387   496 496   518 518   540 540   562 562   584 584   606 606   628 628   650 650   672 672   694 694   716 716   738 738   760 760   782 782   804 804   826 826   848 848   870 870   892 892   914 914   936 936   958 958   980 980   1002 1002   1024 1024   1046 1046   1068 1068   1090 1090   1112 1112   1134 1134   1156 1156   1178 1178
19 31   142 154   265 277   388 400
25 25   148 148   271 271   394 394   497 497   519 519   541 541   563 563   585 585   607 607   629 629   651 651   673 673   695 695   717 717   739 739   761 761   783 783   805 805   827 827   849 849   871 871   893 893   915 915   937 937   959 959   981 981   1003 1003   1025 1025   1047 1047   1069 1069   1091 1091   1113 1113   1135 1135   1157 1157   1179 1179
31 39   154 162   277 285   400 408
35 35   158 158   281 281   404 404   498 498   520 520   542 542   564 564   586 586   608 608   630 630   652 652   674 674   696 696   718 718   740 740   762 762   784 784   806 806   828 828   850 850   872 872   894 894   916 916   938 938   960 960   982 982   1004 1004   1026 1026   1048 1048   1070 1070   1092 1092   1114 1114   1136 1136   1158 1158   1180 1180
39 45   162 168   285 291   408 414
42 42   165 165   288 288   411 411   499 499   521 521   543 543   565 565   587 587   609 609   631 631   653 653   675 675   697 697   719 719   741 741   763 763   785 785   807 807   829 829   851 851   873 873   895 895   917 917   939 939   961 961   983 983   1005 1005   1027 1027   1049 1049   1071 1071   1093 1093   1115 1115   1137 1137   1159 1159   1181 1181
45 49   168 172   291 295   414 418
47 47   170 170   293 293   416 416   500 500   522 522   544 544   566 566   588 588   610 610   632 632   654 654   676 676   698 698   720 720   742 742   764 764   786 786   808 808   830 830   852 852   874 874   896 896   918 918   940 940   962 962   984 984   1006 1006   1028 1028   1050 1050   1072 1072   1094 1094   1116 1116   1138 1138   1160 1160   1182 1182
49 53   172 176   295 299   418 422
51 51   174 174   297 297   420 420   501 501   523 523   545 545   567 567   589 589   611 611   633 633   655 655   677 677   699 699   721 721   743 743   765 765   787 787   809 809   831 831   853 853   875 875   897 897   919 919   941 941   963 963   985 985   1007 1007   1029 1029   1051 1051   1073 1073   1095 1095   1117 1117   1139 1139   1161 1161   1183 1183
53 57   176 180   299 303   422 426
55 55   178 178   301 301   424 424   502 502   524 524   546 546   568 568   590 590   612 612   634 634   656 656   678 678   700 700   722 722   744 744   766 766   788 788   810 810   832 832   854 854   876 876   898 898   920 920   942 942   964 964   986 986   1008 1008   1030 1030   1052 1052   1074 1074   1096 1096   1118 1118   1140 1140   1162 1162   1184 1184
57 63   180 186   303 309   426 432
60 60   183 183   306 306   429 429   503 503   525 525   547 547   569 569   591 591   613 613   635 635   657 657   679 679   701 701   723 723   745 745   767 767   789 789   811 811   833 833   855 855   877 877   899 899   921 921   943 943   965 965   987 987   1009 1009   1031 1031   1053 1053   1075 1075   1097 1097   1119 1119   1141 1141   1163 1163   1185 1185
63 69   186 192   309 315   432 438
66 66   189 189   312 312   435 435   504 504   526 526   548 548   570 570   592 592   614 614   636 636   658 658   680 680   702 702   724 724   746 746   768 768   790 790   812 812   834 834   856 856   878 878   900 900   922 922   944 944   966 966   988 988   1010 1010   1032 1032   1054 1054   1076 1076   1098 1098   1120 1120   1142 1142   1164 1164   1186 1186
69 75   192 198   315 321   438 444
72 72   195 195   318 318   441 441   505 505   527 527   549 549   571 571   593 593   615 615   637 637   659 659   681 681   703 703   725 725   747 747   769 769   791 791   813 813   835 835   857 857   879 879   901 901   923 923   945 945   967 967   989 989   1011 1011   1033 1033   1055 1055   1077 1077   1099 1099   1121 1121   1143 1143   1165 1165   1187 1187
75 81   198 204   321 327   444 450
78 78   201 201   324 324   447 447   506 506   528 528   550 550   572 572   594 594   616 616   638 638   660 660   682 682   704 704   726 726   748 748   770 770   792 792   814 814   836 836   858 858   880 880   902 902   924 924   946 946   968 968   990 990   1012 1012   1034 1034   1056 1056   1078 1078   1100 1100   1122 1122   1144 1144   1166 1166   1188 1188
81 87   204 210   327 333   450 456
85 85   208 208   331 331   454 454   507 507   529 529   551 551   573 573   595 595   617 617   639 639   661 661   683 683   705 705   727 727   749 749   771 771   793 793   815 815   837 837   859 859   881 881   903 903   925 925   947 947   969 969   991 991   1013 1013   1035 1035   1057 1057   1079 1079   1101 1101   1123 1123   1145 1145   1167 1167   1189 1189
87 93   210 216   333 339   456 462
90 90   213 213   336 336   459 459   508 508   530 530   552 552   574 574   596 596   618 618   640 640   662 662   684 684   706 706   728 728   750 750   772 772   794 794   816 816   838 838   860 860   882 882   904 904   926 926   948 948   970 970   992 992   1014 1014   1036 1036   1058 1058   1080 1080   1102 1102   1124 1124   1146 1146   1168 1168   1190 1190
93 98   216 221   339 344   462 467
96 96   219 219   342 342   465 465   509 509   531 531   553 553   575 575   597 597   619 619   641 641   663 663   685 685   707 707   729 729   751 751   773 773   795 795   817 817   839 839   861 861   883 883   905 905   927 927   949 949   971 971   993 993   1015 1015   1037 1037   1059 1059   1081 1081   1103 1103   1125 1125   1147 1147   1169 1169   1191 1191
98 103   221 226   344 349   467 472
101 101   224 224   347 347   470 470   510 510   532 532   554 554   576 576   598 598   620 620   642 642   664 664   686 686   708 708   730 730   752 752   774 774   796 796   818 818   840 840   862 862   884 884   906 906   928 928   950 950   972 972   994 994   1016 1016   1038 1038   1060 1060   1082 1082   1104 1104   1126 1126   1148 1148   1170 1170   1192 1192
103 108   226 231   349 354   472 477
106 106   229 229   352 352   475 475   511 511   533 533   555 555   577 577   599 599   621 621   643 643   665 665   687 687   709 709   731 731   753 753   775 775   797 797   819 819   841 841   863 863   885 885   907 907   929 929   951 951   973 973   995 995   1017 1017   1039 1039   1061 1061   1083 1083   1105 1105   1127 1127   1149 1149   1171 1171   1193 1193
108 113   231 236   354 359   477 482
111 111   234 234   357 357   480 480   512 512   534 534   556 556   578 578   600 600   622 622   644 644   666 666   688 688   710 710   732 732   754 754   776 776   798 798   820 820   842 842   864 864   886 886   908 908   930 930   952 952   974 974   996 996   1018 1018   1040 1040   1062 1062   1084 1084   1106 1106   1128 1128   1150 1150   1172 1172   1194 1194
113 118   236 241   359 364   482 487
116 116   239 239   362 362   485 485   513 513   535 535   557 557   579 579   601 601   623 623   645 645   667 667   689 689   711 711   733 733   755 755   777 777   799 799   821 821   843 843   865 865   887 887   909 909   931 931   953 953   975 975   997 997   1019 1019   1041 1041   1063 1063   1085 1085   1107 1107   1129 1129   1151 1151   1173 1173   1195 1195
118 123   241 246   364 369   487 492
121 121   244 244   367 367   490 490   514 514   536 536   558 558   580 580   602 602   624 624   646 646   668 668   690 690   712 712   734 734   756 756   778 778   800 800   822 822   844 844   866 866   888 888   910 910   932 932   954 954   976 976   998 998   1020 1020   1042 1042   1064 1064   1086 1086   1108 1108   1130 1130   1152 1152   1174 1174   1196 1196
--------------------------------------
1196 0
--------------------------------------
2   13   4
1001  1002  1003  1004
1     1     1     1
3     3     3     3
1
1
1    2
138  SIGT
1
1    2
107 SIGA
1
1    2
110  NU
1
1    2
104  NUSIGF
1
1    2
105  KAPPAF
1
1    2
109  SPECT
2
1    2
1    2
108  SIGS
1    2
1
1    2
115  DFX-
1
1    2
116  DFX+
1
1    2
117  DFY-
1
1    2
118  DFY+
1
1    2
119  DFZ-
1
1    2
120  DFZ+
1
1    2
206  IC
1
1    1
212  YI
1
1    1
213  NI
1
1    2
206  XeC
1
1    1
212  YXe
1
1    1
213  NXe
1
1    2
206  PmC
1
1    1
212  YPm
1
1    1
213  NPm
1
1    2
206  SmC
1
1    1
212  YSm
1
1    1
213  NSm
-----------------------------
4
BU  CB   TF  TM
22
1    2     1  4   1  3    1  3
2    7     1  4   1  3    1  3
7   15     1  4   1  3    1  3
15   19     1  4   1  3    1  3
19   31     1  4   1  3    1  3
31   39     1  4   1  3    1  3
39   45     1  4   1  3    1  3
45   49     1  4   1  3    1  3
49   53     1  4   1  3    1  3
53   57     1  4   1  3    1  3
57   63     1  4   1  3    1  3
63   69     1  4   1  3    1  3
69   75     1  4   1  3    1  3
75   81     1  4   1  3    1  3
81   87     1  4   1  3    1  3
87   93     1  4   1  3    1  3
93   98     1  4   1  3    1  3
98   103    1  4   1  3    1  3
103  108    1  4   1  3    1  3
108  113    1  4   1  3    1  3
113  118    1  4   1  3    1  3
118  123    1  4   1  3    1  3
1     2     2     2
5     2     2     2
12     2     2     2
18     2     2     2
25     2     2     2
35     2     2     2
42     2     2     2
47     2     2     2
51     2     2     2
55     2     2     2
60     2     2     2
66     2     2     2
72     2     2     2
78     2     2     2
85     2     2     2
90     2     2     2
96     2     2     2
101    2     2     2
106    2     2     2
111    2     2     2
116    2     2     2
121    2     2     2
--------------------------------------
2
2
2
2
2
2
2
2
2
2
2
2
2
2
2
2
2
2
2
2
2
2
2
0   1   1   0
2
2 1 1 1 3 1
1  -1   1   0
3
3 2 4 1 1 1 2 3 2
0   1   1   0
2
2 1 1 1 3 3
1  -1   1   0
3
3 2 4 1 1 1 2 3 2
0   1   1   0
2
2 1 1 1 3 3
1  -1   1   0
3
3 2 4 1 1 1 2 3 2
0   1   1   0
2
2 1 1 1 3 3
1  -1   1   0
3
3 2 4 1 1 1 2 3 2
0   1   1   0
2
2 1 1 1 3 3
1  -1   1   0
3
3 2 4 1 1 1 2 3 2
0   1   1   0
2
2 1 1 1 3 3
1  -1   1   0
3
3 2 4 1 1 1 2 3 2
0   1   1   0
2
2 1 1 1 3 3
1  -1   1   0
3
3 2 4 1 1 1 2 3 2
0   1   1   0
2
2 1 1 1 3 3
1  -1   1   0
3
3 2 4 1 1 1 2 3 2
0   1   1   0
2
2 1 1 1 3 3
1  -1   1   0
3
3 2 4 1 1 1 2 3 2
0   1   1   0
2
2 1 1 1 3 3
1  -1   1   0
3
3 2 4 1 1 1 2 3 2
0   1   1   0
2
2 1 1 1 3 3
1  -1   1   0
3
3 2 4 1 1 1 2 3 2
0   1   1   0
2
2 1 1 1 3 3
1  -1   1   0
3
3 2 4 1 1 1 2 3 2
0   1   1   0
2
2 1 1 1 3 3
1  -1   1   0
3
3 2 4 1 1 1 2 3 2
0   1   1   0
2
2 1 1 1 3 3
1  -1   1   0
3
3 2 4 1 1 1 2 3 2
0   1   1   0
2
2 1 1 1 3 3
1  -1   1   0
3
3 2 4 1 1 1 2 3 2
0   1   1   0
2
2 1 1 1 3 3
1  -1   1   0
3
3 2 4 1 1 1 2 3 2
0   1   1   0
2
2 1 1 1 3 3
1  -1   1   0
3
3 2 4 1 1 1 2 3 2
0   1   1   0
2
2 1 1 1 3 3
1  -1   1   0
3
3 2 4 1 1 1 2 3 2
0   1   1   0
2
2 1 1 1 3 3
1  -1   1   0
3
3 2 4 1 1 1 2 3 2
0   1   1   0
2
2 1 1 1 3 3
1  -1   1   0
3
3 2 4 1 1 1 2 3 2
0   1   1   0
2
2 1 1 1 3 3
1  -1   1   0
3
3 2 4 1 1 1 2 3 2
0   1   1   0
2
2 1 1 1 3 3
1  -1   1   0
3
3 2 4 1 1 1 2 3 2
--------------------------------------
4 36
4 36
4 36
4 36
4 36
4 36
4 36
4 36
4 36
4 36
4 36
4 36
4 36
4 36
4 36
4 36
4 36
4 36
4 36
4 36
4 36
4 36
1 2   124 125   247 248   370 371
1 1   124 124   247 247   370 370   493 493   515 515   537 537   559 559   581 581   603 603   625 625   647 647   669 669   691 691   713 713   735 735   757 757   779 779   801 801   823 823   845 845   867 867   889 889   911 911   933 933   955 955   977 977   999 999   1021 1021   1043 1043   1065 1065   1087 1087   1109 1109   1131 1131   1153 1153   1175 1175
2 7   125 130   248 253   371 376
5 5   128 128   251 251   374 374   494 494   516 516   538 538   560 560   582 582   604 604   626 626   648 648   670 670   692 692   714 714   736 736   758 758   780 780   802 802   824 824   846 846   868 868   890 890   912 912   934 934   956 956   978 978   1000 1000   1022 1022   1044 1044   1066 1066   1088 1088   1110 1110   1132 1132   1154 1154   1176 1176
7 15   130 138   253 261   376 384
12 12   135 135   258 258   381 381   495 495   517 517   539 539   561 561   583 583   605 605   627 627   649 649   671 671   693 693   715 715   737 737   759 759   781 781   803 803   825 825   847 847   869 869   891 891   913 913   935 935   957 957   979 979   1001 1001   1023 1023   1045 1045   1067 1067   1089 1089   1111 1111   1133 1133   1155 1155   1177 1177
15 19   138 142   261 265   384 388
18 18   141 141   264 264   387 387   496 496   518 518   540 540   562 562   584 584   606 606   628 628   650 650   672 672   694 694   716 716   738 738   760 760   782 782   804 804   826 826   848 848   870 870   892 892   914 914   936 936   958 958   980 980   1002 1002   1024 1024   1046 1046   1068 1068   1090 1090   1112 1112   1134 1134   1156 1156   1178 1178
19 31   142 154   265 277   388 400
25 25   148 148   271 271   394 394   497 497   519 519   541 541   563 563   585 585   607 607   629 629   651 651   673 673   695 695   717 717   739 739   761 761   783 783   805 805   827 827   849 849   871 871   893 893   915 915   937 937   959 959   981 981   1003 1003   1025 1025   1047 1047   1069 1069   1091 1091   1113 1113   1135 1135   1157 1157   1179 1179
31 39   154 162   277 285   400 408
35 35   158 158   281 281   404 404   498 498   520 520   542 542   564 564   586 586   608 608   630 630   652 652   674 674   696 696   718 718   740 740   762 762   784 784   806 806   828 828   850 850   872 872   894 894   916 916   938 938   960 960   982 982   1004 1004   1026 1026   1048 1048   1070 1070   1092 1092   1114 1114   1136 1136   1158 1158   1180 1180
39 45   162 168   285 291   408 414
42 42   165 165   288 288   411 411   499 499   521 521   543 543   565 565   587 587   609 609   631 631   653 653   675 675   697 697   719 719   741 741   763 763   785 785   807 807   829 829   851 851   873 873   895 895   917 917   939 939   961 961   983 983   1005 1005   1027 1027   1049 1049   1071 1071   1093 1093   1115 1115   1137 1137   1159 1159   1181 1181
45 49   168 172   291 295   414 418
47 47   170 170   293 293   416 416   500 500   522 522   544 544   566 566   588 588   610 610   632 632   654 654   676 676   698 698   720 720   742 742   764 764   786 786   808 808   830 830   852 852   874 874   896 896   918 918   940 940   962 962   984 984   1006 1006   1028 1028   1050 1050   1072 1072   1094 1094   1116 1116   1138 1138   1160 1160   1182 1182
49 53   172 176   295 299   418 422
51 51   174 174   297 297   420 420   501 501   523 523   545 545   567 567   589 589   611 611   633 633   655 655   677 677   699 699   721 721   743 743   765 765   787 787   809 809   831 831   853 853   875 875   897 897   919 919   941 941   963 963   985 985   1007 1007   1029 1029   1051 1051   1073 1073   1095 1095   1117 1117   1139 1139   1161 1161   1183 1183
53 57   176 180   299 303   422 426
55 55   178 178   301 301   424 424   502 502   524 524   546 546   568 568   590 590   612 612   634 634   656 656   678 678   700 700   722 722   744 744   766 766   788 788   810 810   832 832   854 854   876 876   898 898   920 920   942 942   964 964   986 986   1008 1008   1030 1030   1052 1052   1074 1074   1096 1096   1118 1118   1140 1140   1162 1162   1184 1184
57 63   180 186   303 309   426 432
60 60   183 183   306 306   429 429   503 503   525 525   547 547   569 569   591 591   613 613   635 635   657 657   679 679   701 701   723 723   745 745   767 767   789 789   811 811   833 833   855 855   877 877   899 899   921 921   943 943   965 965   987 987   1009 1009   1031 1031   1053 1053   1075 1075   1097 1097   1119 1119   1141 1141   1163 1163   1185 1185
63 69   186 192   309 315   432 438
66 66   189 189   312 312   435 435   504 504   526 526   548 548   570 570   592 592   614 614   636 636   658 658   680 680   702 702   724 724   746 746   768 768   790 790   812 812   834 834   856 856   878 878   900 900   922 922   944 944   966 966   988 988   1010 1010   1032 1032   1054 1054   1076 1076   1098 1098   1120 1120   1142 1142   1164 1164   1186 1186
69 75   192 198   315 321   438 444
72 72   195 195   318 318   441 441   505 505   527 527   549 549   571 571   593 593   615 615   637 637   659 659   681 681   703 703   725 725   747 747   769 769   791 791   813 813   835 835   857 857   879 879   901 901   923 923   945 945   967 967   989 989   1011 1011   1033 1033   1055 1055   1077 1077   1099 1099   1121 1121   1143 1143   1165 1165   1187 1187
75 81   198 204   321 327   444 450
78 78   201 201   324 324   447 447   506 506   528 528   550 550   572 572   594 594   616 616   638 638   660 660   682 682   704 704   726 726   748 748   770 770   792 792   814 814   836 836   858 858   880 880   902 902   924 924   946 946   968 968   990 990   1012 1012   1034 1034   1056 1056   1078 1078   1100 1100   1122 1122   1144 1144   1166 1166   1188 1188
81 87   204 210   327 333   450 456
85 85   208 208   331 331   454 454   507 507   529 529   551 551   573 573   595 595   617 617   639 639   661 661   683 683   705 705   727 727   749 749   771 771   793 793   815 815   837 837   859 859   881 881   903 903   925 925   947 947   969 969   991 991   1013 1013   1035 1035   1057 1057   1079 1079   1101 1101   1123 1123   1145 1145   1167 1167   1189 1189
87 93   210 216   333 339   456 462
90 90   213 213   336 336   459 459   508 508   530 530   552 552   574 574   596 596   618 618   640 640   662 662   684 684   706 706   728 728   750 750   772 772   794 794   816 816   838 838   860 860   882 882   904 904   926 926   948 948   970 970   992 992   1014 1014   1036 1036   1058 1058   1080 1080   1102 1102   1124 1124   1146 1146   1168 1168   1190 1190
93 98   216 221   339 344   462 467
96 96   219 219   342 342   465 465   509 509   531 531   553 553   575 575   597 597   619 619   641 641   663 663   685 685   707 707   729 729   751 751   773 773   795 795   817 817   839 839   861 861   883 883   905 905   927 927   949 949   971 971   993 993   1015 1015   1037 1037   1059 1059   1081 1081   1103 1103   1125 1125   1147 1147   1169 1169   1191 1191
98 103   221 226   344 349   467 472
101 101   224 224   347 347   470 470   510 510   532 532   554 554   576 576   598 598   620 620   642 642   664 664   686 686   708 708   730 730   752 752   774 774   796 796   818 818   840 840   862 862   884 884   906 906   928 928   950 950   972 972   994 994   1016 1016   1038 1038   1060 1060   1082 1082   1104 1104   1126 1126   1148 1148   1170 1170   1192 1192
103 108   226 231   349 354   472 477
106 106   229 229   352 352   475 475   511 511   533 533   555 555   577 577   599 599   621 621   643 643   665 665   687 687   709 709   731 731   753 753   775 775   797 797   819 819   841 841   863 863   885 885   907 907   929 929   951 951   973 973   995 995   1017 1017   1039 1039   1061 1061   1083 1083   1105 1105   1127 1127   1149 1149   1171 1171   1193 1193
108 113   231 236   354 359   477 482
111 111   234 234   357 357   480 480   512 512   534 534   556 556   578 578   600 600   622 622   644 644   666 666   688 688   710 710   732 732   754 754   776 776   798 798   820 820   842 842   864 864   886 886   908 908   930 930   952 952   974 974   996 996   1018 1018   1040 1040   1062 1062   1084 1084   1106 1106   1128 1128   1150 1150   1172 1172   1194 1194
113 118   236 241   359 364   482 487
116 116   239 239   362 362   485 485   513 513   535 535   557 557   579 579   601 601   623 623   645 645   667 667   689 689   711 711   733 733   755 755   777 777   799 799   821 821   843 843   865 865   887 887   909 909   931 931   953 953   975 975   997 997   1019 1019   1041 1041   1063 1063   1085 1085   1107 1107   1129 1129   1151 1151   1173 1173   1195 1195
118 123   241 246   364 369   487 492
121 121   244 244   367 367   490 490   514 514   536 536   558 558   580 580   602 602   624 624   646 646   668 668   690 690   712 712   734 734   756 756   778 778   800 800   822 822   844 844   866 866   888 888   910 910   932 932   954 954   976 976   998 998   1020 1020   1042 1042   1064 1064   1086 1086   1108 1108   1130 1130   1152 1152   1174 1174   1196 1196
--------------------------------------
1196 0
--------------------------------------
2   13   4
1001  1002  1003  1004
1     1     1     1
3     3     3     3
1
1
1    2
138  SIGT
1
1    2
107 SIGA
1
1    2
110  NU
1
1    2
104  NUSIGF
1
1    2
105  KAPPAF
1
1    2
109  SPECT
2
1    2
1    2
108  SIGS
1    2
1
1    2
115  DFX-
1
1    2
116  DFX+
1
1    2
117  DFY-
1
1    2
118  DFY+
1
1    2
119  DFZ-
1
1    2
120  DFZ+
1
1    2
206  IC
1
1    1
212  YI
1
1    1
213  NI
1
1    2
206  XeC
1
1    1
212  YXe
1
1    1
213  NXe
1
1    2
206  PmC
1
1    1
212  YPm
1
1    1
213  NPm
1
1    2
206  SmC
1
1    1
212  YSm
1
1    1
213  NSm
-----------------------------
4
BU  CB   TF  TM
22
1    2     1  4   1  3    1  3
2    7     1  4   1  3    1  3
7   15     1  4   1  3    1  3
15   19     1  4   1  3    1  3
19   31     1  4   1  3    1  3
31   39     1  4   1  3    1  3
39   45     1  4   1  3    1  3
45   49     1  4   1  3    1  3
49   53     1  4   1  3    1  3
53   57     1  4   1  3    1  3
57   63     1  4   1  3    1  3
63   69     1  4   1  3    1  3
69   75     1  4   1  3    1  3
75   81     1  4   1  3    1  3
81   87     1  4   1  3    1  3
87   93     1  4   1  3    1  3
93   98     1  4   1  3    1  3
98   103    1  4   1  3    1  3
103  108    1  4   1  3    1  3
108  113    1  4   1  3    1  3
113  118    1  4   1  3    1  3
118  123    1  4   1  3    1  3
1     2     2     2
5     2     2     2
12     2     2     2
18     2     2     2
25     2     2     2
35     2     2     2
42     2     2     2
47     2     2     2
51     2     2     2
55     2     2     2
60     2     2     2
66     2     2     2
72     2     2     2
78     2     2     2
85     2     2     2
90     2     2     2
96     2     2     2
101    2     2     2
106    2     2     2
111    2     2     2
116    2     2     2
121    2     2     2
--------------------------------------
2
2
2
2
2
2
2
2
2
2
2
2
2
2
2
2
2
2
2
2
2
2
2
0   1   1   0
2
2 1 1 1 3 1
1  -1   1   0
3
3 2 4 1 1 1 2 3 2
0   1   1   0
2
2 1 1 1 3 3
1  -1   1   0
3
3 2 4 1 1 1 2 3 2
0   1   1   0
2
2 1 1 1 3 3
1  -1   1   0
3
3 2 4 1 1 1 2 3 2
0   1   1   0
2
2 1 1 1 3 3
1  -1   1   0
3
3 2 4 1 1 1 2 3 2
0   1   1   0
2
2 1 1 1 3 3
1  -1   1   0
3
3 2 4 1 1 1 2 3 2
0   1   1   0
2
2 1 1 1 3 3
1  -1   1   0
3
3 2 4 1 1 1 2 3 2
0   1   1   0
2
2 1 1 1 3 3
1  -1   1   0
3
3 2 4 1 1 1 2 3 2
0   1   1   0
2
2 1 1 1 3 3
1  -1   1   0
3
3 2 4 1 1 1 2 3 2
0   1   1   0
2
2 1 1 1 3 3
1  -1   1   0
3
3 2 4 1 1 1 2 3 2
0   1   1   0
2
2 1 1 1 3 3
1  -1   1   0
3
3 2 4 1 1 1 2 3 2
0   1   1   0
2
2 1 1 1 3 3
1  -1   1   0
3
3 2 4 1 1 1 2 3 2
0   1   1   0
2
2 1 1 1 3 3
1  -1   1   0
3
3 2 4 1 1 1 2 3 2
0   1   1   0
2
2 1 1 1 3 3
1  -1   1   0
3
3 2 4 1 1 1 2 3 2
0   1   1   0
2
2 1 1 1 3 3
1  -1   1   0
3
3 2 4 1 1 1 2 3 2
0   1   1   0
2
2 1 1 1 3 3
1  -1   1   0
3
3 2 4 1 1 1 2 3 2
0   1   1   0
2
2 1 1 1 3 3
1  -1   1   0
3
3 2 4 1 1 1 2 3 2
0   1   1   0
2
2 1 1 1 3 3
1  -1   1   0
3
3 2 4 1 1 1 2 3 2
0   1   1   0
2
2 1 1 1 3 3
1  -1   1   0
3
3 2 4 1 1 1 2 3 2
0   1   1   0
2
2 1 1 1 3 3
1  -1   1   0
3
3 2 4 1 1 1 2 3 2
0   1   1   0
2
2 1 1 1 3 3
1  -1   1   0
3
3 2 4 1 1 1 2 3 2
0   1   1   0
2
2 1 1 1 3 3
1  -1   1   0
3
3 2 4 1 1 1 2 3 2
0   1   1   0
2
2 1 1 1 3 3
1  -1   1   0
3
3 2 4 1 1 1 2 3 2
--------------------------------------
4 36
4 36
4 36
4 36
4 36
4 36
4 36
4 36
4 36
4 36
4 36
4 36
4 36
4 36
4 36
4 36
4 36
4 36
4 36
4 36
4 36
4 36
1 2   124 125   247 248   370 371
1 1   124 124   247 247   370 370   493 493   515 515   537 537   559 559   581 581   603 603   625 625   647 647   669 669   691 691   713 713   735 735   757 757   779 779   801 801   823 823   845 845   867 867   889 889   911 911   933 933   955 955   977 977   999 999   1021 1021   1043 1043   1065 1065   1087 1087   1109 1109   1131 1131   1153 1153   1175 1175
2 7   125 130   248 253   371 376
5 5   128 128   251 251   374 374   494 494   516 516   538 538   560 560   582 582   604 604   626 626   648 648   670 670   692 692   714 714   736 736   758 758   780 780   802 802   824 824   846 846   868 868   890 890   912 912   934 934   956 956   978 978   1000 1000   1022 1022   1044 1044   1066 1066   1088 1088   1110 1110   1132 1132   1154 1154   1176 1176
7 15   130 138   253 261   376 384
12 12   135 135   258 258   381 381   495 495   517 517   539 539   561 561   583 583   605 605   627 627   649 649   671 671   693 693   715 715   737 737   759 759   781 781   803 803   825 825   847 847   869 869   891 891   913 913   935 935   957 957   979 979   1001 1001   1023 1023   1045 1045   1067 1067   1089 1089   1111 1111   1133 1133   1155 1155   1177 1177
15 19   138 142   261 265   384 388
18 18   141 141   264 264   387 387   496 496   518 518   540 540   562 562   584 584   606 606   628 628   650 650   672 672   694 694   716 716   738 738   760 760   782 782   804 804   826 826   848 848   870 870   892 892   914 914   936 936   958 958   980 980   1002 1002   1024 1024   1046 1046   1068 1068   1090 1090   1112 1112   1134 1134   1156 1156   1178 1178
19 31   142 154   265 277   388 400
25 25   148 148   271 271   394 394   497 497   519 519   541 541   563 563   585 585   607 607   629 629   651 651   673 673   695 695   717 717   739 739   761 761   783 783   805 805   827 827   849 849   871 871   893 893   915 915   937 937   959 959   981 981   1003 1003   1025 1025   1047 1047   1069 1069   1091 1091   1113 1113   1135 1135   1157 1157   1179 1179
31 39   154 162   277 285   400 408
35 35   158 158   281 281   404 404   498 498   520 520   542 542   564 564   586 586   608 608   630 630   652 652   674 674   696 696   718 718   740 740   762 762   784 784   806 806   828 828   850 850   872 872   894 894   916 916   938 938   960 960   982 982   1004 1004   1026 1026   1048 1048   1070 1070   1092 1092   1114 1114   1136 1136   1158 1158   1180 1180
39 45   162 168   285 291   408 414
42 42   165 165   288 288   411 411   499 499   521 521   543 543   565 565   587 587   609 609   631 631   653 653   675 675   697 697   719 719   741 741   763 763   785 785   807 807   829 829   851 851   873 873   895 895   917 917   939 939   961 961   983 983   1005 1005   1027 1027   1049 1049   1071 1071   1093 1093   1115 1115   1137 1137   1159 1159   1181 1181
45 49   168 172   291 295   414 418
47 47   170 170   293 293   416 416   500 500   522 522   544 544   566 566   588 588   610 610   632 632   654 654   676 676   698 698   720 720   742 742   764 764   786 786   808 808   830 830   852 852   874 874   896 896   918 918   940 940   962 962   984 984   1006 1006   1028 1028   1050 1050   1072 1072   1094 1094   1116 1116   1138 1138   1160 1160   1182 1182
49 53   172 176   295 299   418 422
51 51   174 174   297 297   420 420   501 501   523 523   545 545   567 567   589 589   611 611   633 633   655 655   677 677   699 699   721 721   743 743   765 765   787 787   809 809   831 831   853 853   875 875   897 897   919 919   941 941   963 963   985 985   1007 1007   1029 1029   1051 1051   1073 1073   1095 1095   1117 1117   1139 1139   1161 1161   1183 1183
53 57   176 180   299 303   422 426
55 55   178 178   301 301   424 424   502 502   524 524   546 546   568 568   590 590   612 612   634 634   656 656   678 678   700 700   722 722   744 744   766 766   788 788   810 810   832 832   854 854   876 876   898 898   920 920   942 942   964 964   986 986   1008 1008   1030 1030   1052 1052   1074 1074   1096 1096   1118 1118   1140 1140   1162 1162   1184 1184
57 63   180 186   303 309   426 432
60 60   183 183   306 306   429 429   503 503   525 525   547 547   569 569   591 591   613 613   635 635   657 657   679 679   701 701   723 723   745 745   767 767   789 789   811 811   833 833   855 855   877 877   899 899   921 921   943 943   965 965   987 987   1009 1009   1031 1031   1053 1053   1075 1075   1097 1097   1119 1119   1141 1141   1163 1163   1185 1185
63 69   186 192   309 315   432 438
66 66   189 189   312 312   435 435   504 504   526 526   548 548   570 570   592 592   614 614   636 636   658 658   680 680   702 702   724 724   746 746   768 768   790 790   812 812   834 834   856 856   878 878   900 900   922 922   944 944   966 966   988 988   1010 1010   1032 1032   1054 1054   1076 1076   1098 1098   1120 1120   1142 1142   1164 1164   1186 1186
69 75   192 198   315 321   438 444
72 72   195 195   318 318   441 441   505 505   527 527   549 549   571 571   593 593   615 615   637 637   659 659   681 681   703 703   725 725   747 747   769 769   791 791   813 813   835 835   857 857   879 879   901 901   923 923   945 945   967 967   989 989   1011 1011   1033 1033   1055 1055   1077 1077   1099 1099   1121 1121   1143 1143   1165 1165   1187 1187
75 81   198 204   321 327   444 450
78 78   201 201   324 324   447 447   506 506   528 528   550 550   572 572   594 594   616 616   638 638   660 660   682 682   704 704   726 726   748 748   770 770   792 792   814 814   836 836   858 858   880 880   902 902   924 924   946 946   968 968   990 990   1012 1012   1034 1034   1056 1056   1078 1078   1100 1100   1122 1122   1144 1144   1166 1166   1188 1188
81 87   204 210   327 333   450 456
85 85   208 208   331 331   454 454   507 507   529 529   551 551   573 573   595 595   617 617   639 639   661 661   683 683   705 705   727 727   749 749   771 771   793 793   815 815   837 837   859 859   881 881   903 903   925 925   947 947   969 969   991 991   1013 1013   1035 1035   1057 1057   1079 1079   1101 1101   1123 1123   1145 1145   1167 1167   1189 1189
87 93   210 216   333 339   456 462
90 90   213 213   336 336   459 459   508 508   530 530   552 552   574 574   596 596   618 618   640 640   662 662   684 684   706 706   728 728   750 750   772 772   794 794   816 816   838 838   860 860   882 882   904 904   926 926   948 948   970 970   992 992   1014 1014   1036 1036   1058 1058   1080 1080   1102 1102   1124 1124   1146 1146   1168 1168   1190 1190
93 98   216 221   339 344   462 467
96 96   219 219   342 342   465 465   509 509   531 531   553 553   575 575   597 597   619 619   641 641   663 663   685 685   707 707   729 729   751 751   773 773   795 795   817 817   839 839   861 861   883 883   905 905   927 927   949 949   971 971   993 993   1015 1015   1037 1037   1059 1059   1081 1081   1103 1103   1125 1125   1147 1147   1169 1169   1191 1191
98 103   221 226   344 349   467 472
101 101   224 224   347 347   470 470   510 510   532 532   554 554   576 576   598 598   620 620   642 642   664 664   686 686   708 708   730 730   752 752   774 774   796 796   818 818   840 840   862 862   884 884   906 906   928 928   950 950   972 972   994 994   1016 1016   1038 1038   1060 1060   1082 1082   1104 1104   1126 1126   1148 1148   1170 1170   1192 1192
103 108   226 231   349 354   472 477
106 106   229 229   352 352   475 475   511 511   533 533   555 555   577 577   599 599   621 621   643 643   665 665   687 687   709 709   731 731   753 753   775 775   797 797   819 819   841 841   863 863   885 885   907 907   929 929   951 951   973 973   995 995   1017 1017   1039 1039   1061 1061   1083 1083   1105 1105   1127 1127   1149 1149   1171 1171   1193 1193
108 113   231 236   354 359   477 482
111 111   234 234   357 357   480 480   512 512   534 534   556 556   578 578   600 600   622 622   644 644   666 666   688 688   710 710   732 732   754 754   776 776   798 798   820 820   842 842   864 864   886 886   908 908   930 930   952 952   974 974   996 996   1018 1018   1040 1040   1062 1062   1084 1084   1106 1106   1128 1128   1150 1150   1172 1172   1194 1194
113 118   236 241   359 364   482 487
116 116   239 239   362 362   485 485   513 513   535 535   557 557   579 579   601 601   623 623   645 645   667 667   689 689   711 711   733 733   755 755   777 777   799 799   821 821   843 843   865 865   887 887   909 909   931 931   953 953   975 975   997 997   1019 1019   1041 1041   1063 1063   1085 1085   1107 1107   1129 1129   1151 1151   1173 1173   1195 1195
118 123   241 246   364 369   487 492
121 121   244 244   367 367   490 490   514 514   536 536   558 558   580 580   602 602   624 624   646 646   668 668   690 690   712 712   734 734   756 756   778 778   800 800   822 822   844 844   866 866   888 888   910 910   932 932   954 954   976 976   998 998   1020 1020   1042 1042   1064 1064   1086 1086   1108 1108   1130 1130   1152 1152   1174 1174   1196 1196
--------------------------------------
1196 0
--------------------------------------
2   13   4
1001  1002  1003  1004
1     1     1     1
3     3     3     3
1
1
1    2
138  SIGT
1
1    2
107 SIGA
1
1    2
110  NU
1
1    2
104  NUSIGF
1
1    2
105  KAPPAF
1
1    2
109  SPECT
2
1    2
1    2
108  SIGS
1    2
1
1    2
115  DFX-
1
1    2
116  DFX+
1
1    2
117  DFY-
1
1    2
118  DFY+
1
1    2
119  DFZ-
1
1    2
120  DFZ+
1
1    2
206  IC
1
1    1
212  YI
1
1    1
213  NI
1
1    2
206  XeC
1
1    1
212  YXe
1
1    1
213  NXe
1
1    2
206  PmC
1
1    1
212  YPm
1
1    1
213  NPm
1
1    2
206  SmC
1
1    1
212  YSm
1
1    1
213  NSm
-----------------------------
2
CB TM
1
1 4  1 3
2    2
----------------------------
1
1
0 0 0 0
2
1 2 1 1 4 3
----------------------------
1
1 12
----------------------------
12 0
----------------------------
2 13 4
1001 1002 1003 1004
1 1 1 1
3 3 3 3
1
1
1 2
138 SIGT
1
1 2
107 SIGA
1
1 2
110 NU
1
1 2
104 NUSIGF
1
1 2
105 KAPPAF
1
1 2
109 SPECT
2
1    2
1    2
108  SIGS
1    2
1
1 2
115 DFX-
1
1 2
116 DFX+
1
1 2
117 DFY-
1
1 2
118 DFY+
1
1 2
119 DFZ-
1
1 2
120 DFZ+
1
1 2
206 IC
1
1 1
212 YI
1
1 1
213 NI
1
1 2
206 XeC
1
1 1
212 YXe
1
1 1
213 NXe
1
1 2
206 PmC
1
1 1
212 YPm
1
1 1
213 NPm
1
1 2
206 SmC
1
1 1
212 YSm
1
1 1
213 NSm
-----------------------------
2
CB TM
1
1 4  1 3
2    2
----------------------------
1
1
0 0 0 0
2
1 2 1 1 4 3
----------------------------
1
1 12
----------------------------
12 0
----------------------------
2 13 4
1001 1002 1003 1004
1 1 1 1
3 3 3 3
1
1
1 2
138 SIGT
1
1 2
107 SIGA
1
1 2
110 NU
1
1 2
104 NUSIGF
1
1 2
105 KAPPAF
1
1 2
109 SPECT
2
1    2
1    2
108  SIGS
1    2
1
1 2
115 DFX-
1
1 2
116 DFX+
1
1 2
117 DFY-
1
1 2
118 DFY+
1
1 2
119 DFZ-
1
1 2
120 DFZ+
1
1 2
206 IC
1
1 1
212 YI
1
1 1
213 NI
1
1 2
206 XeC
1
1 1
212 YXe
1
1 1
213 NXe
1
1 2
206 PmC
1
1 1
212 YPm
1
1 1
213 NPm
1
1 2
206 SmC
1
1 1
212 YSm
1
1 1
213 NSm
-----------------------------
2
CB TM
1
1 4  1 3
2    2
----------------------------
1
1
0 0 0 0
2
1 2 1 1 4 3
----------------------------
1
1 12
----------------------------
12 0
----------------------------
2 13 4
1001 1002 1003 1004
1 1 1 1
3 3 3 3
1
1
1 2
138 SIGT
1
1 2
107 SIGA
1
1 2
110 NU
1
1 2
104 NUSIGF
1
1 2
105 KAPPAF
1
1 2
109 SPECT
2
1    2
1    2
108  SIGS
1    2
1
1 2
115 DFX-
1
1 2
116 DFX+
1
1 2
117 DFY-
1
1 2
118 DFY+
1
1 2
119 DFZ-
1
1 2
120 DFZ+
1
1 2
206 IC
1
1 1
212 YI
1
1 1
213 NI
1
1 2
206 XeC
1
1 1
212 YXe
1
1 1
213 NXe
1
1 2
206 PmC
1
1 1
212 YPm
1
1 1
213 NPm
1
1 2
206 SmC
1
1 1
212 YSm
1
1 1
213 NSm
-----------------------------
2
CB TM
1
1 4  1 3
2    2
----------------------------
1
1
0 0 0 0
2
1 2 1 1 4 3
----------------------------
1
1 12
----------------------------
12 0
----------------------------
2 13 4
1001 1002 1003 1004
1 1 1 1
3 3 3 3
1
1
1 2
138 SIGT
1
1 2
107 SIGA
1
1 2
110 NU
1
1 2
104 NUSIGF
1
1 2
105 KAPPAF
1
1 2
109 SPECT
2
1    2
1    2
108  SIGS
1    2
1
1 2
115 DFX-
1
1 2
116 DFX+
1
1 2
117 DFY-
1
1 2
118 DFY+
1
1 2
119 DFZ-
1
1 2
120 DFZ+
1
1 2
206 IC
1
1 1
212 YI
1
1 1
213 NI
1
1 2
206 XeC
1
1 1
212 YXe
1
1 1
213 NXe
1
1 2
206 PmC
1
1 1
212 YPm
1
1 1
213 NPm
1
1 2
206 SmC
1
1 1
212 YSm
1
1 1
213 NSm
-----------------------------
2
CB TM
1
1 4  1 3
2    2
----------------------------
1
1
0 0 0 0
2
1 2 1 1 4 3
----------------------------
1
1 12
----------------------------
12 0
----------------------------
2 13 4
1001 1002 1003 1004
1 1 1 1
3 3 3 3
1
1
1 2
138 SIGT
1
1 2
107 SIGA
1
1 2
110 NU
1
1 2
104 NUSIGF
1
1 2
105 KAPPAF
1
1 2
109 SPECT
2
1    2
1    2
108  SIGS
1    2
1
1 2
115 DFX-
1
1 2
116 DFX+
1
1 2
117 DFY-
1
1 2
118 DFY+
1
1 2
119 DFZ-
1
1 2
120 DFZ+
1
1 2
206 IC
1
1 1
212 YI
1
1 1
213 NI
1
1 2
206 XeC
1
1 1
212 YXe
1
1 1
213 NXe
1
1 2
206 PmC
1
1 1
212 YPm
1
1 1
213 NPm
1
1 2
206 SmC
1
1 1
212 YSm
1
1 1
213 NSm
-----------------------------
2
CB TM
1
1 4  1 3
2    2
----------------------------
1
1
0 0 0 0
2
1 2 1 1 4 3
----------------------------
1
1 12
----------------------------
12 0
----------------------------
2 13 4
1001 1002 1003 1004
1 1 1 1
3 3 3 3
1
1
1 2
138 SIGT
1
1 2
107 SIGA
1
1 2
110 NU
1
1 2
104 NUSIGF
1
1 2
105 KAPPAF
1
1 2
109 SPECT
2
1    2
1    2
108  SIGS
1    2
1
1 2
115 DFX-
1
1 2
116 DFX+
1
1 2
117 DFY-
1
1 2
118 DFY+
1
1 2
119 DFZ-
1
1 2
120 DFZ+
1
1 2
206 IC
1
1 1
212 YI
1
1 1
213 NI
1
1 2
206 XeC
1
1 1
212 YXe
1
1 1
213 NXe
1
1 2
206 PmC
1
1 1
212 YPm
1
1 1
213 NPm
1
1 2
206 SmC
1
1 1
212 YSm
1
1 1
213 NSm
-----------------------------
1 1