     1
  5.00000000E+02   5.83000000E+02
  3.04588703E-01   1.15222793E+00
  2.71866556E-03   3.30427456E-02
  0.00000000E+00   0.00000000E+00
  0.00000000E+00   0.00000000E+00
  0.00000000E+00   0.00000000E+00
  0.00000000E+00   0.00000000E+00
  4.06619968E-01   1.77851394E-02   9.19085228E-04   1.27196363E+00
  1.14527503E+00   3.12527570E-01
  1.00000000E+00   1.00000000E+00
  1.14527503E+00   3.12527570E-01
  1.00000000E+00   1.00000000E+00
  1.00000000E+00   1.00000000E+00
  1.00000000E+00   1.00000000E+00
  1.58264392E+00   5.15212458E+01   6.32178664E-02   2.01102088E-31
  2.19056159E+02   1.90597962E+06   2.43553821E-03   2.01102088E-31
  7.60210366E+01   9.02978995E+02   1.11407787E-02   2.01102088E-31
  1.72848326E+02   5.77396385E+04   6.98513406E-14   2.01102088E-31
     2
  0.00000000E+00   5.57400000E+02
  3.10632235E-01   1.25800491E+00
  2.66925170E-03   2.41768597E-02
  0.00000000E+00   0.00000000E+00
  0.00000000E+00   0.00000000E+00
  0.00000000E+00   0.00000000E+00
  0.00000000E+00   0.00000000E+00
  4.15200668E-01   1.86522054E-02   6.45774259E-04   1.40508830E+00
  1.14790821E+00   2.56859413E-01
  1.00000000E+00   1.00000000E+00
  1.14790821E+00   2.56859413E-01
  1.00000000E+00   1.00000000E+00
  1.00000000E+00   1.00000000E+00
  1.00000000E+00   1.00000000E+00
  1.61427710E+00   4.94262951E+01   6.31791557E-02   2.01102088E-31
  2.24567802E+02   1.86252321E+06   2.44964986E-03   2.01102088E-31
  7.73786920E+01   8.66188886E+02   1.11072901E-02   2.01102088E-31
  1.76551117E+02   5.58373850E+04   6.25617014E-14   2.01102088E-31
     3
  5.00000000E+02   5.57400000E+02
  3.10713977E-01   1.23391753E+00
  2.78029703E-03   3.52013705E-02
  0.00000000E+00   0.00000000E+00
  0.00000000E+00   0.00000000E+00
  0.00000000E+00   0.00000000E+00
  0.00000000E+00   0.00000000E+00
  4.15341906E-01   1.85451604E-02   8.95519175E-04   1.37082103E+00
  1.14775045E+00   3.23807376E-01
  1.00000000E+00   1.00000000E+00
  1.14775045E+00   3.23807376E-01
  1.00000000E+00   1.00000000E+00
  1.00000000E+00   1.00000000E+00
  1.00000000E+00   1.00000000E+00
  1.60838471E+00   5.41475483E+01   6.31994956E-02   2.01102088E-31
  2.23065369E+02   2.02889156E+06   2.44223533E-03   2.01102088E-31
  7.72034253E+01   9.48949582E+02   1.11248834E-02   2.01102088E-31
  1.75709728E+02   6.09198252E+04   6.61669662E-14   2.01102088E-31
     4
  1.00000000E+03   5.57400000E+02
  3.10786364E-01   1.21451804E+00
  2.88999240E-03   4.49854859E-02
  0.00000000E+00   0.00000000E+00
  0.00000000E+00   0.00000000E+00
  0.00000000E+00   0.00000000E+00
  0.00000000E+00   0.00000000E+00
  4.15461714E-01   1.84441906E-02   1.12115689E-03   1.34201064E+00
  1.14780209E+00   3.75649844E-01
  1.00000000E+00   1.00000000E+00
  1.14780209E+00   3.75649844E-01
  1.00000000E+00   1.00000000E+00
  1.00000000E+00   1.00000000E+00
  1.00000000E+00   1.00000000E+00
  1.60242759E+00   5.66924507E+01   6.32194114E-02   2.01102088E-31
  2.21565127E+02   2.11244276E+06   2.43497540E-03   2.01102088E-31
  7.70235971E+01   9.93571473E+02   1.11421098E-02   2.01102088E-31
  1.74864407E+02   6.35247794E+04   6.96961621E-14   2.01102088E-31
     5
  1.50000000E+03   5.57400000E+02
  3.10855707E-01   1.19840723E+00
  2.99856047E-03   5.38720260E-02
  0.00000000E+00   0.00000000E+00
  0.00000000E+00   0.00000000E+00
  0.00000000E+00   0.00000000E+00
  0.00000000E+00   0.00000000E+00
  4.15573643E-01   1.83464381E-02   1.32762113E-03   1.31712236E+00
  1.14793203E+00   4.17994786E-01
  1.00000000E+00   1.00000000E+00
  1.14793203E+00   4.17994786E-01
  1.00000000E+00   1.00000000E+00
  1.00000000E+00   1.00000000E+00
  1.00000000E+00   1.00000000E+00
  1.59648848E+00   5.81996797E+01   6.32389603E-02   2.01102088E-31
  2.20078338E+02   2.15673596E+06   2.42784920E-03   2.01102088E-31
  7.68431372E+01   1.02000850E+03   1.11590189E-02   2.01102088E-31
  1.74024226E+02   6.49524587E+04   7.31593958E-14   2.01102088E-31
     6
  0.00000000E+00   5.83000000E+02
  3.04502799E-01   1.16992971E+00
  2.61214331E-03   2.30090321E-02
  0.00000000E+00   0.00000000E+00
  0.00000000E+00   0.00000000E+00
  0.00000000E+00   0.00000000E+00
  0.00000000E+00   0.00000000E+00
  4.06466730E-01   1.78911540E-02   6.80225845E-04   1.29930796E+00
  1.14557511E+00   2.50522576E-01
  1.00000000E+00   1.00000000E+00
  1.14557511E+00   2.50522576E-01
  1.00000000E+00   1.00000000E+00
  1.00000000E+00   1.00000000E+00
  1.00000000E+00   1.00000000E+00
  1.58831915E+00   4.69639892E+01   6.31979960E-02   2.01102088E-31
  2.20517666E+02   1.74714958E+06   2.44278160E-03   2.01102088E-31
  7.61878801E+01   8.23089366E+02   1.11235913E-02   2.01102088E-31
  1.73661849E+02   5.28559072E+04   6.63085221E-14   2.01102088E-31
     7
  1.00000000E+03   5.83000000E+02
  3.04663412E-01   1.13769530E+00
  2.82383912E-03   4.20555935E-02
  0.00000000E+00   0.00000000E+00
  0.00000000E+00   0.00000000E+00
  0.00000000E+00   0.00000000E+00
  0.00000000E+00   0.00000000E+00
  4.06747194E-01   1.76868352E-02   1.13664731E-03   1.24852703E+00
  1.14524817E+00   3.61410416E-01
  1.00000000E+00   1.00000000E+00
  1.14524817E+00   3.61410416E-01
  1.00000000E+00   1.00000000E+00
  1.00000000E+00   1.00000000E+00
  1.00000000E+00   1.00000000E+00
  1.57686618E+00   5.41063677E+01   6.32373149E-02   2.01102088E-31
  2.17591966E+02   1.99063491E+06   2.42844857E-03   2.01102088E-31
  7.58476872E+01   9.48306475E+02   1.11576013E-02   2.01102088E-31
  1.72026716E+02   6.03844305E+04   7.33179972E-14   2.01102088E-31
     8
  1.50000000E+03   5.83000000E+02
  3.04734964E-01   1.12538995E+00
  2.92793605E-03   5.03036561E-02
  0.00000000E+00   0.00000000E+00
  0.00000000E+00   0.00000000E+00
  0.00000000E+00   0.00000000E+00
  0.00000000E+00   0.00000000E+00
  4.06865718E-01   1.75924559E-02   1.33793968E-03   1.22793647E+00
  1.14532544E+00   4.01721809E-01
  1.00000000E+00   1.00000000E+00
  1.14532544E+00   4.01721809E-01
  1.00000000E+00   1.00000000E+00
  1.00000000E+00   1.00000000E+00
  1.00000000E+00   1.00000000E+00
  1.57110905E+00   5.57134338E+01   6.32564009E-02   2.01102088E-31
  2.16141617E+02   2.03869116E+06   2.42149113E-03   2.01102088E-31
  7.56738919E+01   9.76492913E+02   1.11741102E-02   2.01102088E-31
  1.71210429E+02   6.19223289E+04   7.67190657E-14   2.01102088E-31
     9
  0.00000000E+00   6.11000000E+02
  2.94060455E-01   1.03983208E+00
  2.51356776E-03   2.13422588E-02
  0.00000000E+00   0.00000000E+00
  0.00000000E+00   0.00000000E+00
  0.00000000E+00   0.00000000E+00
  0.00000000E+00   0.00000000E+00
  3.91661743E-01   1.65512094E-02   7.18428475E-04   1.14554082E+00
  1.13895868E+00   2.39371022E-01
  1.00000000E+00   1.00000000E+00
  1.13895868E+00   2.39371022E-01
  1.00000000E+00   1.00000000E+00
  1.00000000E+00   1.00000000E+00
  1.00000000E+00   1.00000000E+00
  1.53951997E+00   4.32280633E+01   6.32333230E-02   2.01102088E-31
  2.12606507E+02   1.57745809E+06   2.42990302E-03   2.01102088E-31
  7.39844827E+01   7.57676603E+02   1.11541584E-02   2.01102088E-31
  1.68137860E+02   4.81913173E+04   7.34251165E-14   2.01102088E-31
    10
  5.00000000E+02   6.11000000E+02
  2.94150154E-01   1.02928253E+00
  2.61211286E-03   3.00066197E-02
  0.00000000E+00   0.00000000E+00
  0.00000000E+00   0.00000000E+00
  0.00000000E+00   0.00000000E+00
  0.00000000E+00   0.00000000E+00
  3.91826224E-01   1.64505571E-02   9.38114273E-04   1.12628308E+00
  1.13852939E+00   2.94238394E-01
  1.00000000E+00   1.00000000E+00
  1.13852939E+00   2.94238394E-01
  1.00000000E+00   1.00000000E+00
  1.00000000E+00   1.00000000E+00
  1.00000000E+00   1.00000000E+00
  1.53419369E+00   4.75360669E+01   6.32524005E-02   2.01102088E-31
  2.11220528E+02   1.72521521E+06   2.42294864E-03   2.01102088E-31
  7.38298717E+01   8.33201361E+02   1.11706604E-02   2.01102088E-31
  1.67371271E+02   5.27663877E+04   7.68628436E-14   2.01102088E-31
    11
  1.00000000E+03   6.11000000E+02
  2.94228867E-01   1.02039693E+00
  2.70941345E-03   3.78977846E-02
  0.00000000E+00   0.00000000E+00
  0.00000000E+00   0.00000000E+00
  0.00000000E+00   0.00000000E+00
  0.00000000E+00   0.00000000E+00
  3.91964708E-01   1.63586337E-02   1.14107662E-03   1.10935644E+00
  1.13841426E+00   3.38427836E-01
  1.00000000E+00   1.00000000E+00
  1.13841426E+00   3.38427836E-01
  1.00000000E+00   1.00000000E+00
  1.00000000E+00   1.00000000E+00
  1.00000000E+00   1.00000000E+00
  1.52877832E+00   5.01752081E+01   6.32710504E-02   2.01102088E-31
  2.09833591E+02   1.81126795E+06   2.41615010E-03   2.01102088E-31
  7.36695287E+01   8.79476652E+02   1.11867926E-02   2.01102088E-31
  1.66597884E+02   5.54611003E+04   8.02225696E-14   2.01102088E-31
    12
  1.50000000E+03   6.11000000E+02
  2.94303754E-01   1.01276662E+00
  2.80569816E-03   4.51815223E-02
  0.00000000E+00   0.00000000E+00
  0.00000000E+00   0.00000000E+00
  0.00000000E+00   0.00000000E+00
  0.00000000E+00   0.00000000E+00
  3.92092478E-01   1.62711653E-02   1.32942694E-03   1.09427879E+00
  1.13843504E+00   3.75366097E-01
  1.00000000E+00   1.00000000E+00
  1.13843504E+00   3.75366097E-01
  1.00000000E+00   1.00000000E+00
  1.00000000E+00   1.00000000E+00
  1.00000000E+00   1.00000000E+00
  1.52335890E+00   5.18993133E+01   6.32893458E-02   2.01102088E-31
  2.08456813E+02   1.86365592E+06   2.40948078E-03   2.01102088E-31
  7.35075758E+01   9.09714167E+02   1.12026182E-02   2.01102088E-31
  1.65826977E+02   5.71282911E+04   8.35174473E-14   2.01102088E-31
