     1
  5.00000000E+02   5.83000000E+02
  2.17584784E-01   1.18011009E+00
  1.01777486E-03   2.06538911E-02
  0.00000000E+00   0.00000000E+00
  0.00000000E+00   0.00000000E+00
  0.00000000E+00   0.00000000E+00
  0.00000000E+00   0.00000000E+00
  2.53488437E-01   3.74350284E-02   4.49734077E-04   1.34144977E+00
  1.00000000E+00   1.00000000E+00
  1.00000000E+00   1.00000000E+00
  1.00000000E+00   1.00000000E+00
  1.00000000E+00   1.00000000E+00
  1.00000000E+00   1.00000000E+00
  1.00000000E+00   1.00000000E+00
  1.59922568E+00   3.96287849E+01   6.32102950E-02   2.01102088E-31
  2.21858040E+02   1.47609878E+06   2.43829879E-03   2.01102088E-31
  7.67472076E+01   6.94532810E+02   1.11342218E-02   2.01102088E-31
  1.74801522E+02   4.47015114E+04   6.78596025E-14   2.01102088E-31
     2
  0.00000000E+00   5.57400000E+02
  2.29674303E-01   1.29961052E+00
  8.09916900E-04   1.23615766E-02
  0.00000000E+00   0.00000000E+00
  0.00000000E+00   0.00000000E+00
  0.00000000E+00   0.00000000E+00
  0.00000000E+00   0.00000000E+00
  2.67526567E-01   3.99627404E-02   2.80739577E-04   1.47989735E+00
  1.00000000E+00   1.00000000E+00
  1.00000000E+00   1.00000000E+00
  1.00000000E+00   1.00000000E+00
  1.00000000E+00   1.00000000E+00
  1.00000000E+00   1.00000000E+00
  1.00000000E+00   1.00000000E+00
  1.62623447E+00   3.45489094E+01   6.31673278E-02   2.01102088E-31
  2.26697564E+02   1.31188316E+06   2.45396198E-03   2.01102088E-31
  7.78873893E+01   6.05449887E+02   1.10970527E-02   2.01102088E-31
  1.77990960E+02   3.93099453E+04   5.99227741E-14   2.01102088E-31
     3
  5.00000000E+02   5.57400000E+02
  2.30664539E-01   1.27917849E+00
  1.07810167E-03   2.25091618E-02
  0.00000000E+00   0.00000000E+00
  0.00000000E+00   0.00000000E+00
  0.00000000E+00   0.00000000E+00
  0.00000000E+00   0.00000000E+00
  2.68835290E-01   3.98641130E-02   4.20867349E-04   1.45822113E+00
  1.00000000E+00   1.00000000E+00
  1.00000000E+00   1.00000000E+00
  1.00000000E+00   1.00000000E+00
  1.00000000E+00   1.00000000E+00
  1.00000000E+00   1.00000000E+00
  1.00000000E+00   1.00000000E+00
  1.63089575E+00   4.27001696E+01   6.31931778E-02   2.01102088E-31
  2.26632772E+02   1.60952750E+06   2.44453885E-03   2.01102088E-31
  7.82218832E+01   7.48317065E+02   1.11194119E-02   2.01102088E-31
  1.78296931E+02   4.83087928E+04   6.44904467E-14   2.01102088E-31
     4
  1.00000000E+03   5.57400000E+02
  2.31353169E-01   1.26149682E+00
  1.33927410E-03   3.22701358E-02
  0.00000000E+00   0.00000000E+00
  0.00000000E+00   0.00000000E+00
  0.00000000E+00   0.00000000E+00
  0.00000000E+00   0.00000000E+00
  2.69728592E-01   3.97318259E-02   5.53345232E-04   1.43841521E+00
  1.00000000E+00   1.00000000E+00
  1.00000000E+00   1.00000000E+00
  1.00000000E+00   1.00000000E+00
  1.00000000E+00   1.00000000E+00
  1.00000000E+00   1.00000000E+00
  1.00000000E+00   1.00000000E+00
  1.63059934E+00   4.73971612E+01   6.32161939E-02   2.01102088E-31
  2.25892883E+02   1.77510295E+06   2.43614880E-03   2.01102088E-31
  7.83171311E+01   8.30652118E+02   1.11393197E-02   2.01102088E-31
  1.78063802E+02   5.33623940E+04   6.85492650E-14   2.01102088E-31
     5
  1.50000000E+03   5.57400000E+02
  2.31913040E-01   1.24593325E+00
  1.59627579E-03   4.17177249E-02
  0.00000000E+00   0.00000000E+00
  0.00000000E+00   0.00000000E+00
  0.00000000E+00   0.00000000E+00
  0.00000000E+00   0.00000000E+00
  2.70446404E-01   3.95845174E-02   6.79482630E-04   1.42005502E+00
  1.00000000E+00   1.00000000E+00
  1.00000000E+00   1.00000000E+00
  1.00000000E+00   1.00000000E+00
  1.00000000E+00   1.00000000E+00
  1.00000000E+00   1.00000000E+00
  1.00000000E+00   1.00000000E+00
  1.62835195E+00   5.03800304E+01   6.32378991E-02   2.01102088E-31
  2.24893549E+02   1.87545289E+06   2.42823660E-03   2.01102088E-31
  7.83173659E+01   8.82948541E+02   1.11580936E-02   2.01102088E-31
  1.77620376E+02   5.64645904E+04   7.23728530E-14   2.01102088E-31
     6
  0.00000000E+00   5.83000000E+02
  2.16596335E-01   1.19702984E+00
  7.66006398E-04   1.13845726E-02
  0.00000000E+00   0.00000000E+00
  0.00000000E+00   0.00000000E+00
  0.00000000E+00   0.00000000E+00
  0.00000000E+00   0.00000000E+00
  2.52202435E-01   3.75258105E-02   3.10766213E-04   1.36009611E+00
  1.00000000E+00   1.00000000E+00
  1.00000000E+00   1.00000000E+00
  1.00000000E+00   1.00000000E+00
  1.00000000E+00   1.00000000E+00
  1.00000000E+00   1.00000000E+00
  1.00000000E+00   1.00000000E+00
  1.59411902E+00   3.19055260E+01   6.31841347E-02   2.01102088E-31
  2.21857980E+02   1.19737305E+06   2.44783506E-03   2.01102088E-31
  7.63925231E+01   5.59159866E+02   1.11115938E-02   2.01102088E-31
  1.74443288E+02   3.62083276E+04   6.32099847E-14   2.01102088E-31
     7
  1.00000000E+03   5.83000000E+02
  2.18270174E-01   1.16544947E+00
  1.26317264E-03   2.95915621E-02
  0.00000000E+00   0.00000000E+00
  0.00000000E+00   0.00000000E+00
  0.00000000E+00   0.00000000E+00
  0.00000000E+00   0.00000000E+00
  2.54366066E-01   3.73142238E-02   5.80901792E-04   1.32436540E+00
  1.00000000E+00   1.00000000E+00
  1.00000000E+00   1.00000000E+00
  1.00000000E+00   1.00000000E+00
  1.00000000E+00   1.00000000E+00
  1.00000000E+00   1.00000000E+00
  1.00000000E+00   1.00000000E+00
  1.59928697E+00   4.42559998E+01   6.32332909E-02   2.01102088E-31
  2.21175501E+02   1.63777927E+06   2.42991606E-03   2.01102088E-31
  7.68578122E+01   7.75647884E+02   1.11541124E-02   2.01102088E-31
  1.74611513E+02   4.96662241E+04   7.19379094E-14   2.01102088E-31
     8
  1.50000000E+03   5.83000000E+02
  2.18825016E-01   1.15240590E+00
  1.50474871E-03   3.82589608E-02
  0.00000000E+00   0.00000000E+00
  0.00000000E+00   0.00000000E+00
  0.00000000E+00   0.00000000E+00
  0.00000000E+00   0.00000000E+00
  2.55069606E-01   3.71794168E-02   7.06749536E-04   1.30838365E+00
  1.00000000E+00   1.00000000E+00
  1.00000000E+00   1.00000000E+00
  1.00000000E+00   1.00000000E+00
  1.00000000E+00   1.00000000E+00
  1.00000000E+00   1.00000000E+00
  1.00000000E+00   1.00000000E+00
  1.59736561E+00   4.73112796E+01   6.32548448E-02   2.01102088E-31
  2.20230871E+02   1.74027526E+06   2.42205901E-03   2.01102088E-31
  7.68717426E+01   8.29214508E+02   1.11727557E-02   2.01102088E-31
  1.74207827E+02   5.28447135E+04   7.57559887E-14   2.01102088E-31
     9
  0.00000000E+00   6.11000000E+02
  1.95547661E-01   1.04672361E+00
  6.95440063E-04   1.00199267E-02
  0.00000000E+00   0.00000000E+00
  0.00000000E+00   0.00000000E+00
  0.00000000E+00   0.00000000E+00
  0.00000000E+00   0.00000000E+00
  2.27623966E-01   3.35283786E-02   3.42686291E-04   1.18632117E+00
  1.00000000E+00   1.00000000E+00
  1.00000000E+00   1.00000000E+00
  1.00000000E+00   1.00000000E+00
  1.00000000E+00   1.00000000E+00
  1.00000000E+00   1.00000000E+00
  1.00000000E+00   1.00000000E+00
  1.53452983E+00   2.81180159E+01   6.32154654E-02   2.01102088E-31
  2.12582073E+02   1.03748659E+06   2.43641346E-03   2.01102088E-31
  7.36536659E+01   4.92819758E+02   1.11387017E-02   2.01102088E-31
  1.67769040E+02   3.16831907E+04   6.94039645E-14   2.01102088E-31
    10
  5.00000000E+02   6.11000000E+02
  1.96516413E-01   1.03385194E+00
  9.20360396E-04   1.80409210E-02
  0.00000000E+00   0.00000000E+00
  0.00000000E+00   0.00000000E+00
  0.00000000E+00   0.00000000E+00
  0.00000000E+00   0.00000000E+00
  2.28846135E-01   3.34563530E-02   4.72900664E-04   1.17143754E+00
  1.00000000E+00   1.00000000E+00
  1.00000000E+00   1.00000000E+00
  1.00000000E+00   1.00000000E+00
  1.00000000E+00   1.00000000E+00
  1.00000000E+00   1.00000000E+00
  1.00000000E+00   1.00000000E+00
  1.54014388E+00   3.50036327E+01   6.32423133E-02   2.01102088E-31
  2.12663476E+02   1.28150255E+06   2.42662651E-03   2.01102088E-31
  7.40299989E+01   6.13519481E+02   1.11619249E-02   2.01102088E-31
  1.68189694E+02   3.91829996E+04   7.42262396E-14   2.01102088E-31
    11
  1.00000000E+03   6.11000000E+02
  1.97191482E-01   1.02253006E+00
  1.14000493E-03   2.58027315E-02
  0.00000000E+00   0.00000000E+00
  0.00000000E+00   0.00000000E+00
  0.00000000E+00   0.00000000E+00
  0.00000000E+00   0.00000000E+00
  2.29689180E-01   3.33567984E-02   5.97358952E-04   1.15758919E+00
  1.00000000E+00   1.00000000E+00
  1.00000000E+00   1.00000000E+00
  1.00000000E+00   1.00000000E+00
  1.00000000E+00   1.00000000E+00
  1.00000000E+00   1.00000000E+00
  1.00000000E+00   1.00000000E+00
  1.54080580E+00   3.94664572E+01   6.32654184E-02   2.01102088E-31
  2.12083488E+02   1.43534469E+06   2.41820391E-03   2.01102088E-31
  7.41658429E+01   6.91756934E+02   1.11819106E-02   2.01102088E-31
  1.68073297E+02   4.39384401E+04   7.83663020E-14   2.01102088E-31
    12
  1.50000000E+03   6.11000000E+02
  1.97733783E-01   1.01244565E+00
  1.35636382E-03   3.33464522E-02
  0.00000000E+00   0.00000000E+00
  0.00000000E+00   0.00000000E+00
  0.00000000E+00   0.00000000E+00
  0.00000000E+00   0.00000000E+00
  2.30362234E-01   3.32435542E-02   7.16609439E-04   1.14459718E+00
  1.00000000E+00   1.00000000E+00
  1.00000000E+00   1.00000000E+00
  1.00000000E+00   1.00000000E+00
  1.00000000E+00   1.00000000E+00
  1.00000000E+00   1.00000000E+00
  1.00000000E+00   1.00000000E+00
  1.53941970E+00   4.25454431E+01   6.32868021E-02   2.01102088E-31
  2.11235641E+02   1.53791881E+06   2.41040883E-03   2.01102088E-31
  7.42014708E+01   7.45740580E+02   1.12004072E-02   2.01102088E-31
  1.67736407E+02   4.71319420E+04   8.21925867E-14   2.01102088E-31
