     1
  5.00000000E+02   5.83000000E+02
  1.92104861E-01   7.91335388E-01
  1.08761289E-03   2.00985554E-02
  0.00000000E+00   0.00000000E+00
  0.00000000E+00   0.00000000E+00
  0.00000000E+00   0.00000000E+00
  0.00000000E+00   0.00000000E+00
  2.21172881E-01   2.41607956E-02   5.02896650E-04   8.69510610E-01
  1.00000000E+00   1.00000000E+00
  1.00000000E+00   1.00000000E+00
  1.00000000E+00   1.00000000E+00
  1.00000000E+00   1.00000000E+00
  1.00000000E+00   1.00000000E+00
  1.01971257E+00   1.09754568E+00
  1.52620916E+00   4.15378716E+01   6.32064692E-02   6.43664067E-31
  2.11934641E+02   1.54766046E+06   2.43969337E-03   6.43664067E-31
  7.32107996E+01   7.27990557E+02   1.11309134E-02   6.43664067E-31
  1.66868517E+02   4.68632709E+04   6.72489385E-14   6.43664067E-31
     2
  0.00000000E+00   5.57400000E+02
  1.92108322E-01   7.97612097E-01
  1.08475348E-03   1.99476011E-02
  0.00000000E+00   0.00000000E+00
  0.00000000E+00   0.00000000E+00
  0.00000000E+00   0.00000000E+00
  0.00000000E+00   0.00000000E+00
  2.21300613E-01   2.42481791E-02   4.93572418E-04   8.75908791E-01
  1.00000000E+00   1.00000000E+00
  1.00000000E+00   1.00000000E+00
  1.00000000E+00   1.00000000E+00
  1.00000000E+00   1.00000000E+00
  1.00000000E+00   1.00000000E+00
  1.01715841E+00   1.09847525E+00
  1.55392087E+00   4.46590412E+01   6.31700121E-02   6.43664067E-31
  2.16779264E+02   1.69224017E+06   2.45298342E-03   6.43664067E-31
  7.43981967E+01   7.82629441E+02   1.10993754E-02   6.43664067E-31
  1.70114265E+02   5.07164450E+04   6.04741554E-14   6.43664067E-31
     3
  5.00000000E+02   5.57400000E+02
  1.92045281E-01   7.91577716E-01
  1.08856209E-03   2.01288451E-02
  0.00000000E+00   0.00000000E+00
  0.00000000E+00   0.00000000E+00
  0.00000000E+00   0.00000000E+00
  0.00000000E+00   0.00000000E+00
  2.21202273E-01   2.42181283E-02   4.99158284E-04   8.71902010E-01
  1.00000000E+00   1.00000000E+00
  1.00000000E+00   1.00000000E+00
  1.00000000E+00   1.00000000E+00
  1.00000000E+00   1.00000000E+00
  1.00000000E+00   1.00000000E+00
  1.01789207E+00   1.10342530E+00
  1.54750909E+00   4.34331455E+01   6.31896195E-02   6.43664067E-31
  2.15240056E+02   1.63719739E+06   2.44583592E-03   6.43664067E-31
  7.41923237E+01   7.61162380E+02   1.11163348E-02   6.43664067E-31
  1.69226321E+02   4.91429083E+04   6.39227630E-14   6.43664067E-31
     4
  1.00000000E+03   5.57400000E+02
  1.91985256E-01   7.86721595E-01
  1.09237767E-03   2.02893998E-02
  0.00000000E+00   0.00000000E+00
  0.00000000E+00   0.00000000E+00
  0.00000000E+00   0.00000000E+00
  0.00000000E+00   0.00000000E+00
  2.21107041E-01   2.41894284E-02   5.04252769E-04   8.68475263E-01
  1.00000000E+00   1.00000000E+00
  1.00000000E+00   1.00000000E+00
  1.00000000E+00   1.00000000E+00
  1.00000000E+00   1.00000000E+00
  1.00000000E+00   1.00000000E+00
  1.01857049E+00   1.10800271E+00
  1.54123925E+00   4.22779063E+01   6.32088933E-02   6.43664067E-31
  2.13731765E+02   1.58545678E+06   2.43881003E-03   6.43664067E-31
  7.39917754E+01   7.40932309E+02   1.11330056E-02   6.43664067E-31
  1.68357036E+02   4.76615478E+04   6.73118316E-14   6.43664067E-31
     5
  1.50000000E+03   5.57400000E+02
  1.91927933E-01   7.82522506E-01
  1.09619973E-03   2.04338974E-02
  0.00000000E+00   0.00000000E+00
  0.00000000E+00   0.00000000E+00
  0.00000000E+00   0.00000000E+00
  0.00000000E+00   0.00000000E+00
  2.21014057E-01   2.41619722E-02   5.08926199E-04   8.65421042E-01
  1.00000000E+00   1.00000000E+00
  1.00000000E+00   1.00000000E+00
  1.00000000E+00   1.00000000E+00
  1.00000000E+00   1.00000000E+00
  1.00000000E+00   1.00000000E+00
  1.01919830E+00   1.11207383E+00
  1.53509530E+00   4.11868348E+01   6.32278478E-02   6.43664067E-31
  2.12251658E+02   1.53671526E+06   2.43190054E-03   6.43664067E-31
  7.37957969E+01   7.21825629E+02   1.11494003E-02   6.43664067E-31
  1.67504604E+02   4.62639548E+04   7.06439111E-14   6.43664067E-31
     6
  0.00000000E+00   5.83000000E+02
  1.92169129E-01   7.97337115E-01
  1.08409986E-03   1.99367814E-02
  0.00000000E+00   0.00000000E+00
  0.00000000E+00   0.00000000E+00
  0.00000000E+00   0.00000000E+00
  0.00000000E+00   0.00000000E+00
  2.21277661E-01   2.41895338E-02   4.97753222E-04   8.73301380E-01
  1.00000000E+00   1.00000000E+00
  1.00000000E+00   1.00000000E+00
  1.00000000E+00   1.00000000E+00
  1.00000000E+00   1.00000000E+00
  1.00000000E+00   1.00000000E+00
  1.01901772E+00   1.09343283E+00
  1.53242069E+00   4.26680211E+01   6.31873987E-02   6.43664067E-31
  2.13436640E+02   1.59792097E+06   2.44664516E-03   6.43664067E-31
  7.34088504E+01   7.47782535E+02   1.11144182E-02   6.43664067E-31
  1.67730882E+02   4.83195586E+04   6.38774294E-14   6.43664067E-31
     7
  1.00000000E+03   5.83000000E+02
  1.92044807E-01   7.86568352E-01
  1.09113734E-03   2.02465518E-02
  0.00000000E+00   0.00000000E+00
  0.00000000E+00   0.00000000E+00
  0.00000000E+00   0.00000000E+00
  0.00000000E+00   0.00000000E+00
  2.21075565E-01   2.41332502E-02   5.07531031E-04   8.66307919E-01
  1.00000000E+00   1.00000000E+00
  1.00000000E+00   1.00000000E+00
  1.00000000E+00   1.00000000E+00
  1.00000000E+00   1.00000000E+00
  1.00000000E+00   1.00000000E+00
  1.02035682E+00   1.10154954E+00
  1.52011424E+00   4.04680878E+01   6.32252206E-02   6.43664067E-31
  2.10460468E+02   1.50022475E+06   2.43285790E-03   6.43664067E-31
  7.30167260E+01   7.09255448E+02   1.11471326E-02   6.43664067E-31
  1.66022051E+02   4.54869032E+04   7.05631403E-14   6.43664067E-31
     8
  1.50000000E+03   5.83000000E+02
  1.91987426E-01   7.82440388E-01
  1.09466732E-03   2.03799440E-02
  0.00000000E+00   0.00000000E+00
  0.00000000E+00   0.00000000E+00
  0.00000000E+00   0.00000000E+00
  0.00000000E+00   0.00000000E+00
  2.20981210E-01   2.41068733E-02   5.11872488E-04   8.63436693E-01
  1.00000000E+00   1.00000000E+00
  1.00000000E+00   1.00000000E+00
  1.00000000E+00   1.00000000E+00
  1.00000000E+00   1.00000000E+00
  1.00000000E+00   1.00000000E+00
  1.02094999E+00   1.10503540E+00
  1.51415253E+00   3.94588811E+01   6.32436665E-02   6.43664067E-31
  2.09015467E+02   1.45556676E+06   2.42613379E-03   6.43664067E-31
  7.28276409E+01   6.91581016E+02   1.11630875E-02   6.43664067E-31
  1.65193122E+02   4.41895840E+04   7.38225308E-14   6.43664067E-31
     9
  0.00000000E+00   6.11000000E+02
  1.92320527E-01   7.95611867E-01
  1.08297523E-03   1.99331064E-02
  0.00000000E+00   0.00000000E+00
  0.00000000E+00   0.00000000E+00
  0.00000000E+00   0.00000000E+00
  0.00000000E+00   0.00000000E+00
  2.21285161E-01   2.40854814E-02   5.04983444E-04   8.69389714E-01
  1.00000000E+00   1.00000000E+00
  1.00000000E+00   1.00000000E+00
  1.00000000E+00   1.00000000E+00
  1.00000000E+00   1.00000000E+00
  1.00000000E+00   1.00000000E+00
  1.02237735E+00   1.08620519E+00
  1.49163810E+00   3.95310263E+01   6.32195604E-02   6.43664067E-31
  2.06819141E+02   1.45547193E+06   2.43492059E-03   6.43664067E-31
  7.15647238E+01   6.92857756E+02   1.11422452E-02   6.43664067E-31
  1.63122816E+02   4.44344158E+04   7.02465032E-14   6.43664067E-31
    10
  5.00000000E+02   6.11000000E+02
  1.92254854E-01   7.89788074E-01
  1.08602866E-03   2.00715466E-02
  0.00000000E+00   0.00000000E+00
  0.00000000E+00   0.00000000E+00
  0.00000000E+00   0.00000000E+00
  0.00000000E+00   0.00000000E+00
  2.21170193E-01   2.40590109E-02   5.09325331E-04   8.65915655E-01
  1.00000000E+00   1.00000000E+00
  1.00000000E+00   1.00000000E+00
  1.00000000E+00   1.00000000E+00
  1.00000000E+00   1.00000000E+00
  1.00000000E+00   1.00000000E+00
  1.02300917E+00   1.08923475E+00
  1.48578573E+00   3.85389729E+01   6.32377084E-02   6.43664067E-31
  2.05391641E+02   1.41203488E+06   2.42830504E-03   6.43664067E-31
  7.13797693E+01   6.75482462E+02   1.11579428E-02   6.43664067E-31
  1.62307755E+02   4.31579989E+04   7.34846944E-14   6.43664067E-31
    11
  1.00000000E+03   6.11000000E+02
  1.92194479E-01   7.85165353E-01
  1.08908880E-03   2.01982807E-02
  0.00000000E+00   0.00000000E+00
  0.00000000E+00   0.00000000E+00
  0.00000000E+00   0.00000000E+00
  0.00000000E+00   0.00000000E+00
  2.21068653E-01   2.40335419E-02   5.13348802E-04   8.62974456E-01
  1.00000000E+00   1.00000000E+00
  1.00000000E+00   1.00000000E+00
  1.00000000E+00   1.00000000E+00
  1.00000000E+00   1.00000000E+00
  1.00000000E+00   1.00000000E+00
  1.02359089E+00   1.09220898E+00
  1.48005250E+00   3.76005628E+01   6.32555596E-02   6.43664067E-31
  2.03992021E+02   1.37103944E+06   2.42179770E-03   6.43664067E-31
  7.11990668E+01   6.59046506E+02   1.11733837E-02   6.43664067E-31
  1.61508635E+02   4.19520406E+04   7.66690643E-14   6.43664067E-31
    12
  1.50000000E+03   6.11000000E+02
  1.92137028E-01   7.81175695E-01
  1.09215424E-03   2.03148580E-02
  0.00000000E+00   0.00000000E+00
  0.00000000E+00   0.00000000E+00
  0.00000000E+00   0.00000000E+00
  0.00000000E+00   0.00000000E+00
  2.20971862E-01   2.40090074E-02   5.17093156E-04   8.60340852E-01
  1.00000000E+00   1.00000000E+00
  1.00000000E+00   1.00000000E+00
  1.00000000E+00   1.00000000E+00
  1.00000000E+00   1.00000000E+00
  1.00000000E+00   1.00000000E+00
  1.02413396E+00   1.09499277E+00
  1.47442169E+00   3.67100655E+01   6.32731249E-02   6.43664067E-31
  2.02617056E+02   1.33223674E+06   2.41539460E-03   6.43664067E-31
  7.10218927E+01   6.43449524E+02   1.11885773E-02   6.43664067E-31
  1.60723557E+02   4.08093154E+04   7.98015724E-14   6.43664067E-31
