     1
  5.00000000E+02   5.83000000E+02
  1.64055409E-01   7.91710466E-01
  7.67968045E-04   1.73039815E-02
  0.00000000E+00   0.00000000E+00
  0.00000000E+00   0.00000000E+00
  0.00000000E+00   0.00000000E+00
  0.00000000E+00   0.00000000E+00
  1.86494666E-01   2.53640926E-02   4.11732261E-04   8.85857148E-01
  1.00000000E+00   1.00000000E+00
  1.00000000E+00   1.00000000E+00
  1.00000000E+00   1.00000000E+00
  1.00000000E+00   1.00000000E+00
  1.03648312E+00   9.55516906E-01
  1.00000000E+00   1.00000000E+00
  1.52650802E+00   3.89617168E+01   6.32080623E-02   6.43664067E-31
  2.11926378E+02   1.45198667E+06   2.43911272E-03   6.43664067E-31
  7.32338672E+01   6.82840610E+02   1.11322903E-02   6.43664067E-31
  1.66891053E+02   4.39675629E+04   6.74457055E-14   6.43664067E-31
     2
  0.00000000E+00   5.57400000E+02
  1.64142363E-01   8.00032449E-01
  7.64148253E-04   1.70757596E-02
  0.00000000E+00   0.00000000E+00
  0.00000000E+00   0.00000000E+00
  0.00000000E+00   0.00000000E+00
  0.00000000E+00   0.00000000E+00
  1.86674900E-01   2.54641988E-02   4.02816193E-04   8.94807624E-01
  1.00000000E+00   1.00000000E+00
  1.00000000E+00   1.00000000E+00
  1.00000000E+00   1.00000000E+00
  1.00000000E+00   1.00000000E+00
  1.03387991E+00   9.51491343E-01
  1.00000000E+00   1.00000000E+00
  1.55470412E+00   4.20000749E+01   6.31713660E-02   6.43664067E-31
  2.16843490E+02   1.59174623E+06   2.45248995E-03   6.43664067E-31
  7.44436141E+01   7.36031937E+02   1.11005456E-02   6.43664067E-31
  1.70190800E+02   4.77058926E+04   6.06421527E-14   6.43664067E-31
     3
  5.00000000E+02   5.57400000E+02
  1.64086174E-01   7.92847300E-01
  7.69025019E-04   1.73557374E-02
  0.00000000E+00   0.00000000E+00
  0.00000000E+00   0.00000000E+00
  0.00000000E+00   0.00000000E+00
  0.00000000E+00   0.00000000E+00
  1.86572196E-01   2.54323379E-02   4.07979806E-04   8.89829959E-01
  1.00000000E+00   1.00000000E+00
  1.00000000E+00   1.00000000E+00
  1.00000000E+00   1.00000000E+00
  1.00000000E+00   1.00000000E+00
  1.03463467E+00   9.62054851E-01
  1.00000000E+00   1.00000000E+00
  1.54829327E+00   4.08188451E+01   6.31910427E-02   6.43664067E-31
  2.15303887E+02   1.53892423E+06   2.44531719E-03   6.43664067E-31
  7.42378671E+01   7.15346635E+02   1.11175649E-02   6.43664067E-31
  1.69302837E+02   4.61943563E+04   6.40987454E-14   6.43664067E-31
     4
  1.00000000E+03   5.57400000E+02
  1.64032787E-01   7.86984185E-01
  7.73903049E-04   1.76008103E-02
  0.00000000E+00   0.00000000E+00
  0.00000000E+00   0.00000000E+00
  0.00000000E+00   0.00000000E+00
  0.00000000E+00   0.00000000E+00
  1.86472808E-01   2.54019512E-02   4.12797142E-04   8.85495030E-01
  1.00000000E+00   1.00000000E+00
  1.00000000E+00   1.00000000E+00
  1.00000000E+00   1.00000000E+00
  1.00000000E+00   1.00000000E+00
  1.03533175E+00   9.71343883E-01
  1.00000000E+00   1.00000000E+00
  1.54202548E+00   3.97123601E+01   6.32103839E-02   6.43664067E-31
  2.13795394E+02   1.48952915E+06   2.43826672E-03   6.43664067E-31
  7.40374947E+01   6.95970029E+02   1.11342940E-02   6.43664067E-31
  1.68433650E+02   4.47790701E+04   6.74955580E-14   6.43664067E-31
     5
  1.50000000E+03   5.57400000E+02
  1.63981805E-01   7.81911543E-01
  7.78780586E-04   1.78181158E-02
  0.00000000E+00   0.00000000E+00
  0.00000000E+00   0.00000000E+00
  0.00000000E+00   0.00000000E+00
  0.00000000E+00   0.00000000E+00
  1.86375646E-01   2.53729137E-02   4.17179341E-04   8.81638016E-01
  1.00000000E+00   1.00000000E+00
  1.00000000E+00   1.00000000E+00
  1.00000000E+00   1.00000000E+00
  1.00000000E+00   1.00000000E+00
  1.03597694E+00   9.79531727E-01
  1.00000000E+00   1.00000000E+00
  1.53588325E+00   3.86660940E+01   6.32294038E-02   6.43664067E-31
  2.12315052E+02   1.44295681E+06   2.43133341E-03   6.43664067E-31
  7.38416754E+01   6.77647665E+02   1.11507451E-02   6.43664067E-31
  1.67581282E+02   4.34425655E+04   7.08350881E-14   6.43664067E-31
     6
  0.00000000E+00   5.83000000E+02
  1.64112751E-01   7.98815194E-01
  7.63452915E-04   1.70529560E-02
  0.00000000E+00   0.00000000E+00
  0.00000000E+00   0.00000000E+00
  0.00000000E+00   0.00000000E+00
  0.00000000E+00   0.00000000E+00
  1.86603912E-01   2.53946063E-02   4.06724643E-04   8.90533139E-01
  1.00000000E+00   1.00000000E+00
  1.00000000E+00   1.00000000E+00
  1.00000000E+00   1.00000000E+00
  1.00000000E+00   1.00000000E+00
  1.03576677E+00   9.46437867E-01
  1.00000000E+00   1.00000000E+00
  1.53271941E+00   4.00337120E+01   6.31889191E-02   6.43664067E-31
  2.13428690E+02   1.49956570E+06   2.44609098E-03   6.43664067E-31
  7.34318637E+01   7.01614318E+02   1.11157323E-02   6.43664067E-31
  1.67753472E+02   4.53466860E+04   6.40658180E-14   6.43664067E-31
     7
  1.00000000E+03   5.83000000E+02
  1.64001701E-01   7.86093995E-01
  7.72486830E-04   1.75290855E-02
  0.00000000E+00   0.00000000E+00
  0.00000000E+00   0.00000000E+00
  0.00000000E+00   0.00000000E+00
  0.00000000E+00   0.00000000E+00
  1.86392765E-01   2.53349567E-02   4.15961931E-04   8.81954941E-01
  1.00000000E+00   1.00000000E+00
  1.00000000E+00   1.00000000E+00
  1.00000000E+00   1.00000000E+00
  1.00000000E+00   1.00000000E+00
  1.03714568E+00   9.63936120E-01
  1.00000000E+00   1.00000000E+00
  1.52041530E+00   3.79315451E+01   6.32268823E-02   6.43664067E-31
  2.10452191E+02   1.40651300E+06   2.43225222E-03   6.43664067E-31
  7.30399502E+01   6.64798855E+02   1.11485688E-02   6.43664067E-31
  1.66044762E+02   4.26468644E+04   7.07676930E-14   6.43664067E-31
     8
  1.50000000E+03   5.83000000E+02
  1.63950511E-01   7.81190471E-01
  7.77006393E-04   1.77300966E-02
  0.00000000E+00   0.00000000E+00
  0.00000000E+00   0.00000000E+00
  0.00000000E+00   0.00000000E+00
  0.00000000E+00   0.00000000E+00
  1.86294086E-01   2.53070757E-02   4.19996605E-04   8.78419037E-01
  1.00000000E+00   1.00000000E+00
  1.00000000E+00   1.00000000E+00
  1.00000000E+00   1.00000000E+00
  1.00000000E+00   1.00000000E+00
  1.03775734E+00   9.71278461E-01
  1.00000000E+00   1.00000000E+00
  1.51445515E+00   3.69648958E+01   6.32453947E-02   6.43664067E-31
  2.09007154E+02   1.36390142E+06   2.42550391E-03   6.43664067E-31
  7.28509795E+01   6.47869448E+02   1.11645811E-02   6.43664067E-31
  1.65215953E+02   4.14080252E+04   7.40345441E-14   6.43664067E-31
     9
  0.00000000E+00   6.11000000E+02
  1.64112635E-01   7.95295617E-01
  7.62229451E-04   1.70276404E-02
  0.00000000E+00   0.00000000E+00
  0.00000000E+00   0.00000000E+00
  0.00000000E+00   0.00000000E+00
  0.00000000E+00   0.00000000E+00
  1.86532795E-01   2.52721331E-02   4.13445833E-04   8.84102323E-01
  1.00000000E+00   1.00000000E+00
  1.00000000E+00   1.00000000E+00
  1.00000000E+00   1.00000000E+00
  1.00000000E+00   1.00000000E+00
  1.03913192E+00   9.38367813E-01
  1.00000000E+00   1.00000000E+00
  1.49104317E+00   3.69472665E+01   6.32214115E-02   6.43664067E-31
  2.06678391E+02   1.36072355E+06   2.43424591E-03   6.43664067E-31
  7.15463861E+01   6.47571877E+02   1.11438450E-02   6.43664067E-31
  1.63045949E+02   4.15431873E+04   7.04750394E-14   6.43664067E-31
    10
  5.00000000E+02   6.11000000E+02
  1.64053550E-01   7.88617158E-01
  7.66173125E-04   1.72413586E-02
  0.00000000E+00   0.00000000E+00
  0.00000000E+00   0.00000000E+00
  0.00000000E+00   0.00000000E+00
  0.00000000E+00   0.00000000E+00
  1.86412408E-01   2.52440596E-02   4.17503752E-04   8.80042742E-01
  1.00000000E+00   1.00000000E+00
  1.00000000E+00   1.00000000E+00
  1.00000000E+00   1.00000000E+00
  1.00000000E+00   1.00000000E+00
  1.03978693E+00   9.45792298E-01
  1.00000000E+00   1.00000000E+00
  1.48519018E+00   3.60017410E+01   6.32396328E-02   6.43664067E-31
  2.05250796E+02   1.31946764E+06   2.42760366E-03   6.43664067E-31
  7.13613958E+01   6.31011242E+02   1.11596060E-02   6.43664067E-31
  1.62230872E+02   4.03301038E+04   7.37214011E-14   6.43664067E-31
    11
  1.00000000E+03   6.11000000E+02
  1.63999369E-01   7.83270611E-01
  7.70120710E-04   1.74348318E-02
  0.00000000E+00   0.00000000E+00
  0.00000000E+00   0.00000000E+00
  0.00000000E+00   0.00000000E+00
  0.00000000E+00   0.00000000E+00
  1.86306126E-01   2.52171329E-02   4.21239364E-04   8.76565647E-01
  1.00000000E+00   1.00000000E+00
  1.00000000E+00   1.00000000E+00
  1.00000000E+00   1.00000000E+00
  1.00000000E+00   1.00000000E+00
  1.04038806E+00   9.52603320E-01
  1.00000000E+00   1.00000000E+00
  1.47945991E+00   3.51066147E+01   6.32575552E-02   6.43664067E-31
  2.03851667E+02   1.28050869E+06   2.42107034E-03   6.43664067E-31
  7.11808199E+01   6.15333133E+02   1.11751085E-02   6.43664067E-31
  1.61432128E+02   3.91832855E+04   7.69136935E-14   6.43664067E-31
    12
  1.50000000E+03   6.11000000E+02
  1.63947831E-01   7.78639367E-01
  7.74069083E-04   1.76110675E-02
  0.00000000E+00   0.00000000E+00
  0.00000000E+00   0.00000000E+00
  0.00000000E+00   0.00000000E+00
  0.00000000E+00   0.00000000E+00
  1.86204765E-01   2.51912219E-02   4.24696740E-04   8.73439436E-01
  1.00000000E+00   1.00000000E+00
  1.00000000E+00   1.00000000E+00
  1.00000000E+00   1.00000000E+00
  1.00000000E+00   1.00000000E+00
  1.04094955E+00   9.58855191E-01
  1.00000000E+00   1.00000000E+00
  1.47383206E+00   3.42568786E+01   6.32751895E-02   6.43664067E-31
  2.02477217E+02   1.24362685E+06   2.41464208E-03   6.43664067E-31
  7.10037701E+01   6.00449827E+02   1.11903617E-02   6.43664067E-31
  1.60647424E+02   3.80963726E+04   8.00538019E-14   6.43664067E-31
